4000 3000
44
167
177
144
33
68
19
87
61
205
158
33
62
188
133
189
150
102
226
16
168
155
238
218
69
209
219
111
238
97
129
114
158
168
191
177
199
117
202
146
104
209
38
69
98
151
54
103
69
34
13
0
85
25
151
235
114
61
28
33
41
213
86
198
88
25
92
129
109
183
252
75
89
81
153
15
11
106
226
139
150
36
165
184
176
65
113
135
216
50
215
120
203
55
174
217
104
151
38
181
210
110
99
118
169
254
37
113
217
57
120
61
201
20
163
161
216
52
238
89
14
148
192
181
36
247
209
153
80
238
246
47
106
161
235
124
126
12
102
138
190
40
116
207
222
120
122
145
183
22
21
244
248
85
69
59
196
9
38
174
124
48
188
7
148
83
213
190
16
219
164
92
127
144
248
208
174
130
239
114
90
221
81
118
105
178
83
211
102
138
120
187
53
134
250
205
168
62
71
33
141
99
189
68
199
15
42
220
208
70
61
243
143
154
7
238
25
110
78
236
42
80
218
71
138
205
172
92
41
6
191
12
34
115
164
61
88
150
88
247
55
254
186
37
22
195
140
27
180
9
1
4
77
134
122
129
182
15
206
83
42
48
140
87
15
134
134
99
64
38
152
241
92
184
88
169
106
136
151
140
117
235
123
129
149
121
139
79
103
166
154
44
107
7
241
135
166
160
198
61
98
241
70
152
68
65
93
84
11
173
160
95
118
206
186
35
213
112
199
51
155
88
121
158
75
30
221
65
169
132
128
116
116
253
44
101
70
191
229
40
19
188
252
216
146
151
113
107
234
169
159
46
3
87
58
152
24
17
68
213
232
135
127
92
39
175
142
97
72
190
250
52
162
105
195
145
108
171
235
92
240
114
191
109
205
204
70
229
152
152
103
128
46
177
177
154
16
74
49
254
20
5
74
71
139
244
108
33
235
227
68
154
167
138
237
226
195
241
246
113
14
252
12
71
170
66
57
54
204
49
148
92
34
151
116
55
59
118
39
233
167
151
202
178
187
240
165
74
176
179
54
132
90
130
91
241
139
220
25
102
47
152
58
94
112
108
117
149
7
138
68
192
237
6
79
221
227
179
176
86
67
137
161
112
153
80
102
231
179
197
224
133
237
177
144
160
18
189
236
236
68
208
71
137
56
48
148
60
157
97
174
127
140
35
18
136
110
171
27
105
101
9
182
39
182
48
185
240
20
130
74
31
137
48
32
26
64
231
107
67
226
245
39
180
95
188
19
69
31
148
250
149
14
10
55
141
220
142
4
243
252
248
88
168
249
214
124
54
113
18
163
161
96
4
161
193
252
5
204
254
224
166
222
78
194
188
184
58
157
212
149
247
46
152
76
157
1
239
227
78
160
249
73
146
209
171
61
56
106
24
83
55
25
82
136
68
198
203
125
105
215
92
124
220
110
231
147
166
117
63
133
194
29
29
26
21
50
223
187
16
104
192
15
32
6
180
233
167
144
86
117
149
236
164
254
230
52
93
137
70
168
101
131
103
6
247
168
1
212
217
79
102
185
177
68
53
168
136
90
88
50
246
212
162
32
105
46
35
13
226
148
223
169
185
168
199
119
203
251
182
213
151
250
241
251
64
196
222
239
51
136
212
194
198
236
178
134
13
94
62
39
29
33
20
171
171
174
40
144
2
90
83
122
3
40
47
38
54
204
112
170
211
81
104
88
92
66
121
1
223
147
191
97
40
229
113
222
97
123
156
101
146
204
245
147
237
146
0
134
128
11
244
241
253
141
171
187
34
121
232
90
75
166
214
31
109
75
113
69
185
124
0
137
52
10
80
191
122
145
89
162
223
91
189
222
44
105
97
219
250
162
131
22
22
55
128
68
184
190
75
173
253
126
242
71
11
119
108
154
204
30
86
17
108
220
25
184
5
212
116
185
12
71
221
25
76
113
81
114
87
107
41
79
170
203
47
6
134
75
197
216
19
3
169
154
239
9
42
225
5
120
106
196
204
182
124
228
119
234
130
28
99
145
65
114
58
22
54
161
135
150
19
80
182
23
218
251
50
18
209
16
86
227
205
104
166
174
84
157
44
124
172
229
128
237
26
108
109
94
252
64
104
171
252
181
9
126
207
209
204
181
16
154
130
109
254
101
224
98
238
72
118
189
215
221
95
47
196
238
202
251
11
186
11
176
58
157
41
70
66
178
121
202
42
251
203
162
165
148
252
235
65
54
106
111
118
178
79
245
221
101
7
227
209
235
132
62
217
194
42
37
12
58
31
140
22
160
19
125
4
1
13
25
181
24
200
226
7
252
143
178
191
228
95
179
122
57
168
183
160
83
147
166
147
245
46
178
113
233
122
149
248
12
46
204
212
64
72
87
188
69
44
21
158
7
192
22
179
130
124
111
108
187
32
244
170
70
237
69
200
93
149
50
192
80
188
195
196
42
90
2
131
201
219
43
49
158
11
86
128
132
229
163
47
191
34
130
199
114
101
145
145
37
23
241
89
124
28
40
110
140
89
189
49
179
189
130
253
110
195
151
202
169
5
219
116
159
199
111
32
101
202
22
66
79
57
88
53
100
85
25
217
233
156
100
150
170
197
58
195
207
162
134
82
38
233
214
205
171
65
31
234
109
74
167
125
234
117
244
96
0
58
239
132
30
68
34
229
119
107
237
144
176
90
40
82
137
22
121
204
184
115
167
116
15
241
21
126
20
250
220
101
229
235
237
61
33
99
107
184
6
147
133
216
215
245
57
77
85
20
231
58
138
89
153
101
91
190
66
219
194
230
178
119
188
216
20
142
175
156
117
144
10
11
191
209
166
178
179
8
169
173
70
11
163
96
114
74
146
207
10
97
115
33
114
212
146
54
144
22
127
126
148
215
221
144
63
66
75
146
158
100
62
98
233
139
54
58
121
43
173
183
242
18
78
239
150
187
61
231
28
119
46
87
218
72
245
221
175
62
219
91
32
219
2
44
145
133
149
233
222
76
63
48
80
178
216
24
101
76
159
199
73
200
41
7
245
141
120
52
135
99
72
35
88
135
23
190
38
60
190
27
241
251
93
59
29
160
116
14
172
167
74
133
240
72
174
60
185
29
113
119
135
15
223
162
163
71
11
190
7
236
87
78
20
187
187
139
75
155
233
121
215
20
10
111
178
236
192
31
123
188
134
114
64
95
172
47
33
200
166
124
94
178
161
177
69
239
22
118
65
200
84
222
7
68
168
7
210
37
169
135
111
239
104
230
76
32
52
24
206
92
237
4
211
56
55
36
190
197
125
21
113
152
101
10
140
109
62
49
153
205
233
228
123
214
231
163
223
205
26
174
127
224
171
2
100
57
49
140
229
59
243
33
17
13
219
104
130
245
69
47
183
56
71
134
55
89
248
226
114
83
50
126
210
225
40
219
53
119
146
78
17
6
187
157
121
203
1
115
26
112
219
29
6
152
155
103
233
89
238
31
31
6
181
166
130
25
109
188
135
180
223
237
150
11
75
16
43
56
214
167
35
226
199
235
67
185
175
139
57
249
70
210
63
50
77
155
141
113
245
86
80
81
49
43
2
10
190
115
192
121
159
198
109
187
106
112
80
216
231
12
170
72
128
208
9
77
104
167
13
88
128
124
205
6
25
219
198
110
221
168
84
245
107
249
154
199
109
128
25
49
192
163
247
133
53
71
92
100
44
181
97
21
31
246
28
215
231
41
185
27
244
180
30
14
101
134
85
202
18
111
169
122
52
131
64
234
190
199
239
57
204
183
196
21
7
7
79
222
205
34
67
139
134
213
231
245
197
111
83
14
41
84
212
72
78
235
182
170
26
96
252
203
220
148
225
113
0
44
94
97
222
123
3
123
173
60
42
238
225
218
60
28
20
28
98
11
208
193
146
226
76
61
104
103
46
154
229
192
212
198
216
75
201
184
238
74
130
147
40
47
134
140
192
72
204
59
7
8
69
79
164
4
227
98
189
164
19
18
24
26
109
45
249
213
126
162
149
60
142
38
161
80
151
188
22
72
179
184
135
107
189
100
109
92
198
5
41
73
93
226
147
206
55
185
85
32
46
21
149
112
242
205
231
230
120
83
88
97
171
205
219
98
6
148
183
222
49
64
64
194
150
124
42
81
114
112
219
56
162
95
32
169
186
120
254
59
228
200
206
145
241
5
229
20
202
215
198
235
153
193
173
9
165
49
133
155
142
61
234
156
167
229
58
81
113
153
112
2
35
11
19
183
151
156
92
126
38
198
19
14
8
190
93
164
110
93
104
202
129
117
253
104
59
186
24
223
18
132
50
60
124
53
21
174
192
89
193
58
205
240
145
73
234
41
224
6
73
24
96
12
237
151
76
32
204
5
35
105
23
89
184
108
249
200
102
177
149
126
114
143
199
29
112
211
252
210
175
216
17
92
95
59
7
29
213
74
56
226
193
225
22
187
143
186
247
187
62
84
87
133
84
2
170
229
240
24
250
213
164
185
120
118
130
92
97
13
131
155
140
189
110
78
177
67
173
65
37
170
147
56
16
245
110
232
142
253
179
83
64
191
16
237
142
15
77
63
78
145
228
53
43
244
65
68
28
53
47
116
139
152
197
253
236
204
78
20
50
115
35
108
102
48
194
215
105
158
55
50
147
8
15
76
67
239
252
38
31
8
55
26
164
57
175
242
187
154
64
107
5
71
150
27
200
139
123
187
243
113
205
159
86
200
111
117
250
193
23
159
229
99
39
28
150
28
114
4
146
121
220
168
167
81
78
54
164
60
187
34
1
168
145
200
67
132
123
106
20
196
20
230
142
115
112
198
23
95
84
32
115
28
184
231
8
179
166
38
203
144
68
79
9
13
246
159
247
87
165
237
182
142
181
211
192
5
40
192
167
123
77
36
208
130
247
54
176
157
209
210
15
121
220
79
76
62
43
23
213
246
113
44
162
64
20
213
175
143
132
32
179
47
3
141
192
221
161
210
227
26
164
171
108
173
71
66
60
198
202
92
101
143
25
21
2
10
222
153
16
191
175
103
243
143
19
76
54
209
67
244
225
149
240
102
87
104
154
95
212
3
183
180
182
68
209
184
128
163
204
136
123
87
41
247
131
151
203
253
163
9
169
86
26
171
214
165
241
120
32
69
18
163
11
106
80
16
91
8
207
180
170
183
9
240
106
112
148
98
62
245
22
181
226
157
131
230
169
217
134
229
140
148
158
99
168
213
234
159
185
160
170
242
196
146
32
81
254
42
62
170
241
117
253
39
142
179
168
236
26
79
55
229
180
36
1
87
2
157
126
145
20
90
161
93
92
78
75
171
54
251
234
227
216
112
73
170
114
174
115
195
57
230
95
216
137
10
166
121
176
201
208
172
154
175
71
48
53
59
3
192
231
76
146
78
254
76
242
222
224
172
220
213
101
1
217
134
254
203
177
30
47
63
91
20
206
14
92
200
233
31
123
14
234
150
3
56
244
61
166
211
230
241
56
177
42
7
82
105
61
77
149
94
60
78
2
48
35
6
88
135
212
201
95
70
107
218
82
148
83
227
166
69
230
164
245
56
117
181
233
34
94
64
85
2
39
179
140
110
122
100
44
146
37
225
242
230
76
20
71
46
203
159
251
36
203
241
195
242
77
22
84
170
62
102
221
138
199
228
207
21
131
5
242
213
236
250
132
178
215
228
196
211
133
190
222
222
230
1
202
237
175
181
81
116
244
76
197
178
123
143
186
74
31
93
27
34
13
219
251
227
27
90
71
6
218
105
34
209
167
26
227
237
232
89
176
174
187
78
8
216
129
128
254
150
172
103
102
111
203
177
127
59
43
30
160
9
247
0
115
246
214
250
76
152
117
79
248
7
78
182
97
252
232
115
56
188
248
183
50
188
235
113
153
230
35
120
4
139
179
125
72
90
164
112
187
183
234
131
90
162
106
190
170
183
206
40
208
45
0
234
134
204
188
250
50
79
248
212
247
106
108
84
196
23
26
83
148
20
189
32
73
215
40
218
146
250
241
31
56
125
1
27
106
40
56
47
167
154
177
173
202
138
164
25
222
211
79
39
64
153
76
49
57
215
227
191
124
138
3
185
51
208
18
178
209
52
87
60
254
155
4
45
239
40
199
135
9
35
28
105
172
127
179
197
148
238
197
247
194
102
223
171
13
22
17
57
185
45
9
173
156
176
239
116
96
5
198
55
103
77
55
163
90
64
171
63
249
71
155
30
56
188
49
181
180
135
43
192
124
40
216
229
192
239
196
236
109
84
47
127
43
119
71
251
223
242
251
83
138
166
62
17
232
69
7
60
208
197
211
75
102
245
147
63
238
218
202
72
102
63
162
215
41
169
120
199
226
173
171
79
137
66
63
18
234
88
89
158
114
42
127
117
17
169
133
60
222
7
153
63
157
243
74
127
197
185
30
92
112
233
143
162
159
22
104
159
81
254
235
173
45
125
226
7
206
51
83
227
84
23
51
217
128
53
172
254
98
65
111
122
128
155
150
13
109
78
117
99
244
27
228
130
116
128
172
249
216
152
21
158
55
143
240
191
174
222
161
201
194
233
5
16
153
239
2
40
79
22
39
1
248
124
45
173
57
221
206
141
154
160
113
106
164
217
78
124
203
152
71
91
219
190
140
161
96
69
62
164
212
100
201
158
194
54
129
165
249
1
4
242
68
239
98
82
235
184
213
186
70
174
232
78
244
239
233
41
34
15
191
156
105
67
47
244
100
93
138
195
162
10
81
180
188
215
217
158
19
208
42
2
51
169
100
182
37
254
230
138
187
25
10
225
232
201
201
28
59
113
233
175
210
54
212
35
175
64
12
61
26
15
15
109
180
246
64
8
29
166
156
143
196
31
47
12
13
126
235
226
120
162
108
54
144
113
209
55
40
145
134
109
146
127
178
67
59
97
127
15
237
251
180
141
48
189
90
169
192
49
14
210
43
222
78
45
65
62
171
48
9
138
218
152
69
15
137
148
193
139
75
190
51
223
250
98
26
228
228
62
94
238
152
35
203
182
25
182
106
211
225
115
186
117
133
66
254
144
77
14
148
177
72
227
131
70
92
199
242
172
182
70
196
225
136
36
220
138
79
95
82
193
72
164
123
177
247
178
209
168
112
7
165
196
177
85
232
142
30
148
117
250
243
29
102
184
242
78
175
28
26
195
17
25
188
252
186
141
107
189
28
187
224
192
228
204
18
204
105
26
80
174
253
219
198
3
48
140
160
121
58
246
1
151
210
79
1
113
24
190
152
140
11
111
31
94
184
117
151
141
12
68
152
232
122
115
225
95
239
71
180
138
73
243
48
139
141
6
12
221
136
70
88
244
245
210
253
95
53
199
50
144
60
38
32
118
224
154
119
67
77
106
184
124
238
128
217
103
186
203
85
50
61
231
10
226
50
237
218
186
25
36
51
152
171
27
47
115
112
205
26
17
7
79
31
32
223
239
44
21
242
151
101
210
217
194
169
82
183
39
88
89
167
176
223
3
232
199
11
115
142
146
203
85
201
148
161
213
121
235
212
32
62
112
14
151
103
137
154
39
204
82
60
89
33
32
180
141
106
107
73
218
228
193
182
29
138
165
199
215
229
183
36
176
238
4
83
179
65
57
117
49
92
233
81
31
145
56
218
189
62
86
115
81
94
200
76
150
33
7
75
250
220
50
87
128
142
13
142
127
164
207
205
205
251
233
16
87
195
98
181
138
113
81
99
148
67
0
209
43
252
118
245
194
123
234
48
179
127
112
129
113
72
137
3
25
229
95
223
51
140
151
100
101
45
39
157
99
102
77
192
127
224
97
2
49
239
74
184
85
37
144
168
77
157
30
106
127
208
106
5
195
237
48
139
151
113
238
53
10
67
12
204
126
95
103
52
174
143
85
227
44
142
140
89
163
79
73
128
150
167
221
203
48
123
52
107
109
118
83
16
85
172
173
18
236
183
216
175
210
101
88
106
210
161
238
77
89
81
72
153
81
135
78
32
178
64
240
228
40
70
212
103
34
172
212
72
116
208
115
9
149
184
26
90
5
133
175
147
31
84
92
150
52
63
208
4
112
88
167
247
209
190
248
133
218
118
65
65
69
42
88
35
108
19
76
179
254
190
90
174
253
44
159
54
75
25
78
227
86
135
245
6
190
29
186
63
73
125
216
225
239
120
220
21
84
187
231
19
37
244
96
253
168
74
246
16
196
136
250
232
217
11
83
65
136
56
203
58
153
46
193
47
246
41
123
136
70
170
2
218
218
0
73
232
221
177
143
53
103
215
25
113
230
105
95
53
55
127
167
69
163
68
242
88
79
95
80
159
159
232
45
226
62
211
248
144
64
17
166
207
215
78
154
145
190
80
196
115
221
45
152
149
212
234
20
152
132
102
164
98
123
40
5
251
178
172
1
117
143
54
254
217
82
235
68
58
120
189
70
242
121
231
68
119
86
66
166
180
129
82
17
254
54
162
220
244
193
63
49
157
23
218
87
245
64
235
40
18
138
53
5
31
3
45
28
78
247
44
97
99
94
95
172
205
239
60
136
33
2
234
47
22
232
69
189
154
144
94
27
100
201
192
16
240
60
30
116
185
59
250
253
130
27
34
11
96
65
95
174
124
50
136
85
111
145
179
45
239
86
101
90
49
90
171
232
220
207
241
224
73
119
195
170
189
167
19
241
73
253
58
127
230
26
80
205
35
235
42
199
34
69
239
4
204
142
95
23
253
89
95
43
131
12
12
37
188
122
95
2
217
53
146
226
131
204
46
125
88
198
51
165
144
248
104
84
234
200
178
238
35
66
146
14
6
173
36
145
35
54
73
29
61
212
251
236
168
123
239
182
99
186
130
88
98
177
94
45
5
139
2
78
164
58
33
202
73
235
179
212
79
186
219
216
91
91
166
77
168
3
107
209
38
240
199
24
205
58
142
108
91
47
3
63
230
2
227
80
245
28
229
237
100
213
242
235
123
155
53
149
189
48
164
197
197
78
85
119
5
67
220
204
245
2
41
82
147
189
144
6
1
65
194
181
169
250
193
241
210
218
89
2
90
205
140
196
217
195
189
121
205
82
195
216
162
123
230
6
24
240
179
26
18
195
71
223
144
50
247
253
18
211
85
224
3
171
191
87
27
201
46
205
200
237
178
180
118
5
67
12
215
53
110
202
239
125
211
63
183
63
38
133
231
11
90
208
252
51
215
197
147
57
236
155
6
173
14
54
196
130
20
85
33
150
191
248
59
212
85
169
168
181
230
132
134
25
36
132
132
235
253
89
54
144
222
248
24
187
67
16
224
119
93
248
169
82
25
69
78
0
212
10
245
172
90
116
229
223
99
44
92
152
129
99
117
156
87
200
190
227
75
175
45
123
102
21
21
8
67
197
156
89
70
210
241
76
196
140
127
54
107
95
192
248
186
136
8
54
54
214
3
219
113
214
101
83
75
235
6
135
33
63
90
80
207
5
11
33
55
242
242
219
110
154
23
81
180
118
250
227
133
37
77
110
185
166
13
137
105
146
200
81
87
26
238
215
86
13
110
3
203
65
33
41
77
190
99
181
177
54
199
176
67
64
185
167
144
89
24
159
148
168
170
58
148
253
241
176
106
25
75
164
166
182
247
22
139
95
93
125
39
141
17
253
21
160
6
128
74
107
166
158
48
135
235
202
174
144
121
24
60
117
241
194
110
72
55
86
199
98
99
207
237
186
233
41
12
70
243
111
185
75
175
119
221
64
222
28
17
5
217
201
113
111
183
153
59
215
196
75
86
58
109
94
248
160
218
245
177
165
93
20
229
15
106
189
36
37
177
244
65
233
188
231
203
81
191
204
251
94
151
162
74
190
151
134
226
236
37
135
193
254
93
146
22
135
68
174
28
19
78
162
11
38
134
6
79
13
193
58
0
167
233
249
232
95
15
72
39
225
231
81
18
175
33
150
189
252
105
205
188
251
172
171
41
250
134
33
238
153
188
1
167
63
29
120
6
142
241
187
254
31
248
146
166
7
87
153
75
147
89
195
196
95
4
117
204
248
245
152
90
47
121
201
154
186
229
235
65
207
105
224
3
79
210
149
230
114
100
29
201
245
244
170
233
40
254
254
92
117
105
54
7
198
100
39
83
5
31
24
161
93
92
82
173
70
24
184
203
145
196
139
18
66
89
217
176
36
119
98
130
79
251
113
110
99
61
140
156
80
103
202
138
42
13
41
70
224
182
69
133
222
155
6
107
149
159
41
251
252
69
56
165
163
5
217
49
252
215
4
1
171
182
227
18
81
11
166
189
178
108
191
203
128
169
91
57
173
247
158
81
224
30
124
246
134
58
83
105
110
8
32
75
83
82
164
48
42
196
38
8
1
37
46
198
41
65
171
26
188
84
175
35
218
123
139
244
134
36
195
220
130
134
89
97
212
1
186
23
117
11
250
180
62
60
221
218
147
5
155
101
118
81
33
199
251
24
182
114
164
9
92
86
127
39
172
82
0
184
159
176
89
20
222
37
185
154
186
130
209
125
37
103
90
31
1
21
59
158
54
243
26
49
110
149
168
110
45
13
160
39
91
226
181
30
167
174
207
2
220
205
153
123
176
228
211
132
37
46
126
57
216
180
173
171
88
78
54
197
146
239
104
172
39
97
239
89
140
13
43
137
85
201
239
138
63
137
200
156
110
92
202
38
70
161
160
6
107
161
100
223
129
198
204
201
141
208
218
85
173
226
119
58
183
13
66
149
40
42
152
199
206
26
136
133
84
199
84
204
39
139
92
34
143
131
134
207
95
102
67
85
176
141
25
141
254
226
172
182
56
92
145
129
137
211
207
185
135
19
105
111
15
211
98
40
197
254
233
78
172
105
78
221
11
15
49
119
167
245
149
25
48
103
238
39
227
244
123
128
179
146
153
176
184
33
170
234
11
140
155
178
249
30
9
202
33
68
3
131
253
88
70
204
241
185
103
200
147
191
95
228
91
194
198
25
77
85
149
82
35
29
225
190
65
93
4
175
149
114
100
201
15
70
62
174
46
232
171
225
221
61
156
158
248
11
43
89
229
110
90
249
91
226
234
215
237
218
21
115
115
62
10
164
212
151
189
214
2
55
93
9
190
177
108
229
19
197
22
72
53
145
205
164
155
9
92
72
46
101
7
1
217
169
202
197
7
162
199
109
240
138
9
193
56
186
244
27
185
243
201
49
103
4
223
183
24
120
223
73
20
14
57
159
126
168
131
13
216
31
116
189
7
191
197
39
54
112
51
153
231
54
97
218
201
4
188
228
175
79
152
31
164
76
185
35
139
251
213
176
218
21
0
59
227
54
51
89
179
181
86
68
196
117
110
133
193
70
107
192
100
69
16
63
197
154
176
119
137
200
175
18
209
129
199
21
113
245
29
53
190
186
208
147
219
254
78
47
138
112
222
223
161
254
228
76
132
206
19
247
166
48
115
20
32
22
74
135
164
190
220
246
155
226
223
21
98
190
19
201
75
84
134
18
158
45
161
167
146
15
106
175
244
98
214
240
238
91
169
16
172
224
248
248
205
75
183
67
54
207
222
105
55
249
22
63
130
81
222
145
166
174
204
247
114
159
127
40
116
218
104
218
28
237
24
113
239
114
241
53
149
88
254
24
114
118
149
210
75
127
11
14
141
137
243
185
38
80
246
227
29
44
139
62
105
103
164
15
215
157
208
87
76
114
102
42
106
15
193
118
95
1
95
193
68
59
59
112
247
183
246
157
107
178
212
237
32
29
64
41
227
244
111
20
236
121
96
146
149
38
251
52
250
202
62
15
137
188
49
156
238
177
33
138
69
139
212
125
65
174
35
238
124
26
48
22
25
188
23
51
38
108
213
42
169
177
241
249
67
110
148
209
84
247
68
210
137
230
69
63
5
233
247
225
242
113
190
43
248
178
101
252
112
100
202
65
28
179
215
192
15
151
39
84
114
240
169
193
80
59
172
80
109
166
225
209
9
249
177
208
118
36
178
120
198
157
24
243
215
3
127
175
92
0
93
220
116
157
4
189
95
179
44
119
114
210
80
103
205
241
15
91
199
116
7
89
89
35
230
171
239
61
79
143
4
135
130
192
232
81
124
139
37
47
126
111
156
209
237
106
13
81
195
57
218
72
65
163
40
8
8
182
221
251
68
13
246
125
121
203
82
121
47
119
126
191
50
22
55
189
1
44
209
53
111
47
28
163
109
231
151
55
81
237
191
167
199
132
66
222
11
20
194
64
187
79
47
147
67
68
32
114
14
122
55
143
118
28
49
76
178
252
199
85
122
28
76
196
86
239
106
228
181
23
84
172
31
118
128
188
107
217
60
88
24
45
105
107
134
11
22
225
170
145
34
51
168
38
42
172
212
15
228
160
148
160
48
81
58
92
2
56
230
156
111
135
46
207
227
214
25
115
21
132
1
167
106
130
100
149
52
202
34
62
177
137
231
144
147
198
63
245
81
227
31
32
146
82
175
21
61
115
47
96
121
98
22
141
58
102
187
66
143
233
150
243
25
240
176
53
163
106
0
97
114
21
231
140
50
119
177
67
76
204
34
103
249
198
254
207
217
225
86
52
123
57
212
233
112
162
168
235
210
155
81
147
140
36
190
92
89
1
52
185
158
81
150
52
242
220
27
94
236
189
176
237
97
174
201
227
187
185
249
33
228
27
40
129
210
87
167
129
207
58
233
173
102
213
72
149
143
3
21
159
58
132
208
85
154
139
61
252
27
205
7
61
210
79
184
23
235
2
211
153
183
200
20
245
158
54
41
114
101
4
228
149
18
118
207
127
119
48
204
189
22
97
36
128
141
168
231
206
151
147
175
42
214
112
74
185
246
97
31
52
193
121
2
53
184
105
253
27
23
230
88
183
5
18
40
76
59
33
14
190
137
7
183
127
68
224
244
67
58
210
166
163
108
146
15
172
147
111
186
59
72
51
22
90
230
192
228
140
34
120
184
0
204
6
159
97
179
248
3
84
38
120
40
142
15
25
203
229
228
209
253
135
191
48
125
127
3
102
159
76
80
214
97
89
90
245
95
162
236
13
225
21
124
48
15
98
137
54
78
191
237
70
56
211
129
9
72
34
158
50
34
181
112
159
237
153
114
161
241
110
71
69
98
75
96
37
239
72
15
215
206
202
208
35
0
127
100
60
137
18
4
11
2
119
155
47
52
219
51
218
117
18
191
170
222
240
166
130
50
138
226
114
197
100
169
188
9
51
176
174
2
158
39
224
56
0
170
168
176
125
253
5
178
204
204
9
238
154
32
209
15
127
60
101
5
124
40
16
130
34
238
185
70
88
134
18
95
219
222
44
50
131
245
38
108
41
105
178
41
61
182
17
131
23
51
67
224
229
165
17
112
241
202
133
134
34
119
165
10
38
137
177
154
133
61
34
167
116
66
1
69
80
103
133
234
142
238
5
59
128
41
229
202
150
89
217
210
98
94
188
40
185
199
129
150
218
114
149
112
149
136
105
80
177
67
119
129
210
157
179
186
215
247
169
242
237
45
77
244
90
250
229
106
232
172
155
150
71
183
117
92
183
252
164
62
217
35
120
98
102
190
143
35
31
73
109
25
197
117
186
115
56
11
112
254
39
81
155
173
23
181
140
191
178
197
33
26
133
163
93
185
211
176
81
13
178
225
31
4
44
235
7
214
150
188
81
171
178
37
28
91
97
216
115
229
82
90
129
154
58
27
48
228
155
81
52
206
38
69
37
110
70
102
139
204
211
55
243
83
186
99
24
162
155
234
64
158
69
150
90
81
5
78
112
191
160
77
1
93
212
14
234
141
153
45
174
251
108
116
175
103
44
194
225
26
153
191
140
50
45
17
220
254
48
219
168
95
169
183
96
19
163
243
250
253
230
30
159
139
236
15
239
238
44
114
59
60
157
211
116
0
181
188
208
43
31
11
129
141
18
153
46
202
66
232
218
26
97
199
57
245
194
30
132
87
46
35
14
184
187
215
35
15
139
204
187
172
227
41
247
216
216
37
72
183
83
45
41
71
190
95
183
80
49
183
130
169
148
25
25
81
200
108
185
149
24
101
218
173
39
236
231
41
178
104
137
178
208
232
47
171
28
240
77
41
94
114
213
206
83
167
231
150
140
120
107
215
211
245
240
89
155
231
237
238
201
190
130
161
96
87
95
126
220
90
109
59
159
238
57
203
175
61
215
116
98
20
31
236
142
199
49
230
199
90
5
117
187
69
124
63
155
85
145
156
246
190
211
215
206
168
41
109
165
166
126
0
122
254
110
175
89
199
59
105
225
119
196
224
191
204
50
202
40
138
162
133
189
71
245
45
103
201
68
169
151
44
60
171
167
59
172
159
90
10
229
243
107
167
115
64
198
157
189
192
119
119
31
177
128
76
4
129
95
244
242
215
223
212
228
254
170
161
114
113
129
89
171
221
245
116
98
24
108
44
22
208
77
230
3
115
114
47
52
226
4
25
27
1
211
221
69
55
118
179
146
5
43
46
79
21
232
84
35
203
225
7
77
138
76
10
236
234
173
70
101
38
189
120
182
210
163
26
207
33
198
250
158
141
144
93
3
240
91
102
137
162
128
9
129
128
148
24
147
128
249
119
38
102
199
109
58
81
128
53
62
119
54
198
74
106
12
190
147
204
34
251
229
181
241
54
22
228
233
216
137
73
49
166
156
202
187
104
156
67
85
190
57
115
16
207
32
204
227
200
101
81
132
79
99
244
41
34
160
236
27
167
62
140
2
47
38
187
236
220
3
154
60
81
244
106
252
97
193
206
190
49
89
66
50
71
115
53
254
131
2
155
250
159
171
41
243
73
11
6
46
20
179
106
219
139
225
61
212
151
207
202
250
50
225
131
80
50
44
42
195
4
95
116
4
134
215
135
53
21
224
172
252
145
74
9
107
42
202
243
32
4
37
63
234
127
96
170
57
10
138
79
187
215
24
48
146
142
210
71
137
5
47
170
209
246
19
209
18
191
238
172
18
176
31
206
232
149
47
156
174
148
93
154
46
145
178
164
157
19
113
46
18
76
187
36
215
84
88
9
76
15
44
159
106
54
58
131
238
222
4
166
245
66
84
221
145
0
87
79
90
125
253
28
160
68
118
63
100
104
73
250
104
95
231
161
168
207
23
5
134
65
121
105
167
58
19
9
252
252
224
107
15
165
31
240
80
122
173
82
181
96
82
175
196
17
4
63
114
103
119
15
43
121
168
176
147
191
57
173
141
236
120
220
168
156
229
18
235
9
182
170
97
216
163
107
31
32
174
53
148
26
64
243
150
36
206
233
238
164
232
212
0
209
60
228
166
8
66
203
210
243
237
56
184
75
33
198
136
60
52
119
61
11
94
147
79
172
137
186
193
192
91
225
183
149
62
74
14
113
6
19
51
47
99
177
138
2
120
230
56
198
7
34
52
186
75
97
13
11
188
231
131
66
236
128
46
49
196
236
77
147
197
2
107
17
158
42
54
119
40
107
142
69
125
39
236
219
89
141
188
160
221
45
187
78
56
78
13
113
223
160
20
135
108
68
185
194
31
199
219
200
213
220
179
65
248
177
114
156
200
0
7
110
222
207
56
143
188
31
172
87
128
95
28
161
253
185
30
84
68
229
131
215
236
48
171
167
205
73
146
66
154
136
178
97
154
114
67
86
16
117
177
204
96
100
45
77
163
213
229
223
48
43
165
41
7
30
130
21
9
135
10
63
30
31
3
126
224
142
83
136
247
11
10
130
254
244
43
189
226
96
197
192
236
132
206
11
51
166
86
161
106
199
53
50
208
218
20
220
210
159
9
82
101
35
250
252
175
98
253
176
32
186
240
3
106
20
202
19
26
183
30
195
