48103010
48443368
48198300
48481524
48412298
47924675
48326947
48472971
48814057
48236026
48821899
48869440
48038061
48744104
48489848
48756386
48587110
48149637
48196200
48618291
48668824
48311949
48130750
47719424
48442058
48448819
48516705
48225624
48630623
48068085
48408874
47894833
48415735
48028010
48110982
48607817
48051702
48234757
48751974
48205070
48467727
48058824
48350135
48309741
48585253
48793095
48318358
48336500
48315375
48046625
48147331
49060710
48473065
48311578
48471981
48687541
48376945
47712572
48404778
48805976
48095375
48405584
48197834
48085126
48257029
48350358
48528841
48386095
48903395
47956059
48276394
48836611
48667611
48230380
48152841
48193512
47813551
48380024
48727865
48354477
48257967
48652580
48514629
48805880
48331386
48068652
48076685
47943056
48328928
48230475
47870091
47663611
48418936
48773723
47957564
48024365
48840460
47990744
48169381
48624531
48666876
48757584
48122007
48228122
48708631
48337298
48380987
48051005
47987009
48062242
48681733
47969409
48602114
48603191
49065510
48336299
48232798
48336059
48138310
49042034
48912183
48181208
48515896
48807675
47891044
47744864
48633337
47858658
48611706
49074813
48059288
48073446
48231347
48049097
48220417
48452591
48302799
48815583
48335020
48394824
48343259
48041262
47973238
48677171
48345192
48497295
48354217
48623156
48226822
48016344
48269029
48196460
48352930
48638366
48495250
48756261
48236762
48140292
47974171
48608775
48551170
48158408
48685550
48099391
48587100
48847552
48710147
48565806
48761102
47901539
48358800
49120064
48634907
48393223
48851359
48531817
48688392
48337888
48927784
48895179
48514164
48930847
48675835
48592567
48982956
48064039
48772565
48688767
48286031
48193021
48500931
48425588
48475717
48482503
48536916
48640192
48144523
48066570
48795168
48734231
47979554
48344460
48585379
48325556
48015263
48423170
48480400
48622468
48512076
48342495
48306939
48630105
48367176
48312951
48571413
48813222
48254416
48829738
47947446
48176520
48318533
48652140
48770483
48713120
48429439
48038386
48533477
48484152
48301459
48530710
48693968
48514357
48792553
48474381
48685311
48075060
48465437
48374280
48256534
48363498
48474407
48675295
48396561
48620472
48542901
48229737
48608715
48548644
49164308
48300939
48069575
48583634
48167597
48682862
48515456
48440418
48700026
48696110
48518320
49141946
48877639
48212333
48530215
48943978
48122461
48996193
48644215
48736511
48907973
48978705
48774895
48215422
48612259
48832442
48809439
48934353
47963196
48564488
48560435
48878244
48674167
48993222
48470790
48137849
48549391
48542767
48514312
48250429
47999450
48560192
48115132
48616920
48316636
48199832
48385520
48843254
48368571
48191730
48679154
48221957
48220404
48585486
48399327
48358665
48288888
48373895
48581724
48359465
48134771
48724915
48854660
48185399
48449465
49083990
49120018
49348162
48711761
48343897
49231102
48650992
48472189
48171831
48440164
48674621
48671048
48459543
48856648
48312928
48965164
48528089
49031864
49033441
48494830
48896112
48366371
48533982
48503273
47925525
48198174
48384759
48062529
48504447
49024944
48891218
48851841
48588681
48237126
48108729
48928699
48603838
48184842
48340317
48308774
48022584
48338366
48664536
48576051
48833497
48465051
48360823
48350382
48731510
48539036
47852595
48354941
49026230
48701327
48202156
48888911
48896718
48670427
48476599
48689809
48676523
48496528
48587877
49292665
48648515
49027769
48440788
48233497
48719742
48590071
48565229
48944730
48776222
48558304
48455903
48622072
48489127
48625795
48353298
48976102
48275947
48540163
48425388
48230078
48966871
48782046
48484420
48567541
49197078
48003011
48510264
48545966
48278575
48234038
48381268
48358914
48546930
48240680
48302734
48052345
48599599
48360988
48095725
48461172
48300418
48667165
48465825
48418320
48516496
48457190
49198330
48357001
48917189
49045892
48957235
48849595
48387253
48845530
49097493
48741273
48263945
49009927
48355599
48038640
49296325
48305535
48451312
48313654
48133159
48525991
48966992
48072519
48640883
48228732
47957273
48185484
48340657
48475793
48657269
48946296
48676933
48190698
48219794
47992551
48529876
48397477
48065572
48367033
48180776
48738373
48318415
49091865
47881745
48227854
48307720
49049068
48465962
49075673
48858974
48495697
48826396
47956858
48184379
48323389
48300277
48555501
48478912
48599602
47928187
48786563
47992672
48561137
48576344
48773937
48181885
48410570
48351360
48262122
48390837
48090834
48745207
48806052
48311999
48200903
48252946
48389017
48132320
48131323
47772992
48228043
48512424
49109467
48296947
48489935
47895130
48251470
48499537
48132134
48028508
48333957
48235675
48116316
48011655
47844342
48853060
48030530
48582472
48591213
48124589
48032750
48149343
48103170
48624987
48695980
48739994
48671574
48519971
48414077
48469991
48346507
48539576
48348343
48375547
48524192
48311532
48586611
48462522
48765515
49007640
48230453
48165778
48653243
48565296
48158435
48461819
48585383
48597448
48324722
48832056
48537945
48098521
48670018
48822127
48749604
48214081
48787108
48365241
48282806
48824392
47968035
48164223
48418133
48426970
48650210
48800622
48224725
48091248
48705876
48423611
48062234
48399221
48680948
48069425
48566934
48700935
48386114
48112119
48229309
49049232
48791526
48829334
48688382
48100282
48646616
48203037
48127221
48511891
48120313
48224291
48504241
47763409
48049810
48018983
48201041
48148237
48289925
48343267
48352684
48008193
48415591
47987547
47979147
48322173
48431570
48289788
48137209
47923491
47986075
48307994
48199256
48294046
48527973
48333643
47867969
48852663
48045977
48164375
48353076
47923029
48790124
48319087
47495717
48550642
49206071
48433048
49026459
48503337
48069845
48524351
48624341
48456736
48492766
48522482
47963016
47841526
48621653
48471950
48263932
48455456
48356339
48479271
48582317
48239884
48352551
48451025
48505677
48173186
48155489
48639127
48560511
48516595
47699574
48492560
48931312
47844049
47811182
48644602
48778192
48683835
47900749
48374859
48331549
48539556
48759902
48753192
47663184
48503106
48414123
48023829
48955008
48492048
48734544
48355769
48403112
48519042
47841079
48176278
48222513
48463782
48337372
48189126
48294716
48378911
48432221
48780523
48740822
48314034
48838476
48684929
48206517
48563531
48147952
48041848
48139784
48489836
48483091
48288117
47708005
48471275
48349521
48458231
47912413
48103063
49174575
48199530
47736145
47829117
48186171
48086470
48253896
47916075
48188241
47559927
48152545
48565877
47850844
48253626
48260175
48311861
48258033
48845934
48322200
48488385
47928058
47987848
48763631
48160863
48263066
47955526
48446975
48051480
48571182
47879084
48634672
48437153
48618489
48811184
48630629
48147946
48528602
47822012
48504299
48153032
48437827
48489251
47730821
48563835
48337919
48270850
48162367
48362887
47921214
48103727
48396328
48417904
48356810
48259381
47640804
48078987
48205216
48709955
48410863
48129735
48302300
48334328
48511312
48220474
48593408
48330709
48583399
48306715
47472997
47898366
48087284
48683473
48564587
47962633
48181070
48195164
47953465
48826265
48286099
48272309
47955694
48088821
47792955
48078536
48778940
48870030
48135634
48292574
48273158
48256533
48645718
47943323
48440143
48514262
47981093
47917497
48518196
48373929
48609199
48278667
48007140
47636876
48433058
48144709
48118589
48526263
47887675
47917903
48527733
47996297
48762555
48458410
47982344
48014958
48254000
48044398
48756394
48525185
48427111
47881853
48193208
48231543
47648393
47767819
48798785
48252764
47875001
48147203
48427841
48975011
48698996
48423857
48390644
48540150
47997818
48969767
48193616
47728093
48406042
49012124
47832036
48286273
48095835
48367641
48223601
48293690
48422193
48025503
47681048
48777767
48124962
48448572
48138096
48115918
48286498
48278509
48703204
48425243
48044681
48093839
48046780
47961370
48433169
48244634
47916533
48222240
48436450
48209734
47919698
48167725
48428322
48359257
48622472
48318971
48254069
48395598
48174508
47877733
47514440
48347909
48239738
48279770
48654212
48607335
48102161
47487669
48724362
48268814
48458599
48482901
48716971
49127991
48549651
48501949
48076850
49143814
48552813
48307913
48288207
48597468
48336582
48162791
48491636
48243930
47575259
47693425
48089158
48304306
48917844
48497919
47850149
48224943
48087764
48580557
48247402
48202066
48491622
48113985
48443282
48798560
48517222
48335342
48466315
48416794
48132031
48801533
48602365
48463316
48563837
48044352
48161244
48566751
48626867
48713464
48342651
48167106
47619863
47889742
48204860
48097870
48331722
47951857
48330889
47739459
48245807
48154693
47969829
47976979
48526022
48185291
48388928
48336744
48271353
48419444
48635242
48315142
47941980
48127615
48358032
48516335
48819350
47699613
47868428
47516230
48495654
48686574
48231838
48615527
48653513
47586041
48303984
48541230
48385612
47880697
47841427
47564902
48088005
48006265
48325666
48058057
47783780
48292611
48069541
48004893
47806704
48046039
48285595
48325436
47664360
48428801
48353318
47958722
48245808
48169122
47798563
