1025447757
1023701436
1026856190
1023050399
1026165869
1025741681
1026798310
1023707255
1027387688
1024951405
1025456026
1023056798
1025345855
1022715765
1023760873
1023295192
1026615904
1027338188
1024236004
1025024770
1027271156
1025627719
1027517594
1024627740
1025898878
1024214653
1025191897
1024392948
1024761222
1024353707
1026910013
1024850971
1025446464
1024567260
1023584718
1024183636
1026718339
1025431579
1025861395
1026394133
1026542674
1025409463
1026773484
1026291138
1026133180
1025263489
1024179759
1026533511
1026790122
1024059372
1024146138
1026826376
1024473498
1025469019
1026064865
1027218438
1025692075
1021168197
1025090063
1025860044
1025681932
1024978556
1023368111
1025587369
1026244950
1025380049
1025997237
1023828117
1025249755
1025416809
1025246825
1024834706
1025666949
1023861426
1026115390
1026650062
1023713912
1023996543
1026481535
1026173903
1027163487
1024262879
1025117047
1025031396
1024829348
1027743730
1025442474
1024238673
1027935125
1025027985
1025246375
1023590870
1024490229
1027583844
1025408199
1026781958
1026219999
1025837231
1026298111
1023263423
1028635235
1026175040
1026351096
1023954846
1025113068
1022932186
1025802021
1025925141
1023340619
1026989240
1026643694
1025563737
1025708641
1026322679
1022398802
1028601162
1026630727
1027218502
1023965940
1025600257
1026311382
1027473556
1023000228
1027272160
1023540873
1027234969
1027659076
1025755118
1024297429
1025336179
1025447607
1023178972
1026667804
1026146329
1023704863
1025302221
1024288758
1026694565
1024816712
1027158801
1025563971
1027305069
1025511254
1027198359
1023624817
1022949017
1023690654
1027547952
1027620108
1027314662
1027651579
1026051343
1025098900
1023859302
1026116653
1024768972
1023088736
1024459203
1025395172
1025218450
1028735727
1028138402
1026389257
1028359869
1024426218
1022423470
1025776487
1028212895
1025428798
1024695668
1025735307
1021906283
1027125248
1023654827
1026609083
1027154039
1027132795
1024215621
1027262660
1024814230
1024207843
1024967395
1025919073
1025397723
1025660008
1026619967
1024337514
1023521410
1025433646
1025130507
1025143047
1024562328
1025478629
1026843447
1025222277
1027668157
1027502571
1024797689
1026948661
1028120954
1027483414
1025123577
1023062715
1026038460
1024380420
1024821644
1026906233
1024734269
1024383005
1025275815
1026982060
1024207389
1023522405
1026806298
1027303019
1024407890
1025340728
1023355605
1025939484
1023597411
1026159710
1025880761
1025697788
1025647832
1025269493
1023289025
1026293290
1022649565
1025563300
1026359342
1022918092
1026317975
1025380274
1024818316
1024850688
1028617682
1025799303
1024315788
1025767159
1024087212
1024711408
1025760246
1023232394
1023662211
1026593537
1026388061
1025119121
1026819923
1024020690
1024991921
1025265147
1024961585
1025074638
1025581994
1026977473
1026525633
1026720715
1025000571
1024575857
1023947195
1026185768
1025668242
1026577878
1023638322
1026320696
1024894463
1026462062
1024525029
1023563467
1027318804
1026240368
1027106306
1023861021
1024457347
1027097918
1026483218
1023224236
1026792618
1026676710
1027051430
1026680824
1024254451
1025534897
1022736844
1025480588
1027183962
1027771643
1026825044
1026188071
1025045118
1026934529
1025160132
1026196970
1026657284
1024532645
1024183619
1023352090
1024783115
1026002467
1025758253
1025331940
1026446683
1025076766
1026056758
1025757824
1024209452
1027165066
1025641156
1025908721
1022643381
1028840993
1026994274
1025991926
1024698402
1026420517
1024092325
1025033094
1022266553
1025502770
1025756437
1026453243
1024965601
1025544005
1023204645
1025986081
1025916882
1024104356
1026305785
1022719937
1025699995
1025282517
1028260386
1023919821
1023066343
1023379997
1025934580
1026225359
1022534132
1026980838
1028439806
1026386295
1025030212
1025627952
1022594232
1027010185
1024108702
1024855244
1028536069
1025501231
1024652036
1023995636
1024430682
1026022209
1026216225
1023987557
1025008437
1023616136
1024938346
1025719573
1025678334
1024183855
1025717034
1024395179
1025008352
1025283602
1025869998
1025689982
1024852948
1024178973
1022902653
1025142779
1024986683
1024323446
1025114016
1024739687
1023732254
1027492916
1025549169
1026713660
1027444820
1024468187
1026643908
1022948316
1027237962
1026822386
1025598269
1026084645
1025411749
1025840903
1024052569
1026905353
1024288206
1025160135
1024058235
1025616097
1024258233
1023591166
1024316955
1024625935
1026835122
1026175253
1025389958
1025608490
1024194298
1023666718
1024399705
1027039260
1025838378
1024247058
1026351642
1025372890
1023523542
1027520430
1028615680
1023984150
1026275003
1025569572
1027364310
1027116407
1023811732
1026470244
1028336540
1026724590
1024992612
1026967025
1025418579
1026785582
1025102368
1024396610
1024546813
1023249083
1024863835
1025635354
1025714094
1024952483
1028061071
1025335124
1027816747
1027005527
1026729217
1025367485
1022730951
1026968106
1027791800
1025102178
1026954339
1028044492
1027144241
1027082913
1025342768
1023447456
1028313278
1026404436
1026600108
1027421884
1027102729
1024931789
1026269684
1027319345
1027807679
1026040568
1026106772
1024368215
1026821300
1026584715
1024993075
1023040179
1024964693
1024419760
1026202242
1025802635
1024053092
1024346989
1027210137
1024515462
1027261286
1026553676
1026376634
1025133096
1026285984
1026556920
1025997035
1025424438
1027134688
1024335865
1025171845
1023413747
1025375563
1025214146
1025686673
1025296289
1024354118
1028085694
1025495360
1026793039
1024290738
1026794484
1024502501
1026990036
1026789841
1024476975
1026006180
1024533538
1027341591
1026250191
1024943438
1027780384
1026741532
1025107326
1023951639
1026767899
1024503566
1025490875
1027619014
1026600436
1025970730
1024654575
1024794723
1024620423
1028118347
1026445340
1026143857
1026466995
1026656479
1025734171
1027464392
1026063008
1024740839
1024649531
1028493839
1026393999
1028098766
1025803406
1027042070
1026689467
1026400241
1024872048
1026101315
1025944636
1026598905
1025873313
1024895640
1025419484
1026918501
1029248810
1025996726
1023982993
1023976659
1026011277
1025455425
1027183756
1025739482
1023925230
1026922029
1025260295
1024308365
1022968090
1025170332
1027382811
1024258763
1025007936
1025883918
1025490578
1028131341
1027649689
1025752257
1026599441
1024623682
1026466597
1025834672
1026158775
1024682044
1025343574
1026410634
1023388325
1025657068
1027463925
1025534581
1024636096
1025100816
1026721192
1025307485
1025198711
1026296223
1025376239
1025520863
1024924897
1026870623
1024041300
1024158142
1025653165
1026010346
1025761196
1025307220
1028990032
1025087597
1024561415
1028221736
1025876162
1025940527
1024675564
1025668215
1025875418
1024469638
1026548509
1024210333
1027677460
1026722190
1022658325
1022623633
1026166583
1027097319
1025816977
1025025208
1026430549
1024743922
1026316382
1024163925
1025440906
1026170761
1025987707
1028222072
1027631237
1025744998
1028139905
1025346742
1025972393
1025341616
1024129412
1026501863
1025857560
1026625180
1024723664
1026650770
1025529489
1025654413
1026888123
1025409628
1025676500
1023909639
1025159200
1026050591
1025457080
1025814084
1026017713
1026510163
1026830601
1025517330
1025394346
1024688038
1027090998
1025122683
1023271376
1026474956
1025220101
1021495181
1025401853
1025789109
1027650693
1024784401
1026266272
1024695845
1027311098
1026253673
1028873229
1025536945
1028969776
1026955943
1028654148
1024337461
1025420948
1025782233
1027623556
1023527301
1027045454
1024610117
1028412696
1026243886
1026837997
1025409342
1024653507
1025153226
1028239129
1025428577
1025009060
1026794798
1023469983
1025084156
1025558427
1029394925
1027236312
1024467035
1025844739
1025731391
1025292606
1025838691
1025006949
1026882987
1025671548
1028280352
1025130832
1028119361
1027489858
1025391706
1026568417
1025312266
1027580077
1024012931
1026558479
1025466118
1025796809
1028457300
1025266334
1023692176
1025135409
1026081950
1027753471
1024036132
1027865482
1027555127
1026601333
1023685690
1026113687
1025355007
1026564861
1023674680
1027013451
1025693371
1026663683
1026141228
1028016976
1024797668
1028298569
1025732432
1023952959
1025479167
1027816861
1025779368
1024458548
1026392325
1024841919
1026709429
1024892807
1026346012
1026551441
1027110156
1027937978
1024648246
1028700641
1027851841
1026497733
1025500465
1025469386
1026918040
1022436893
1026398305
1026167693
1026323317
1025631329
1027254502
1026440655
1026657354
1023617002
1026192880
1025453105
1025082764
1026488328
1028712828
1026201509
1025415670
1025821162
1026012920
1023185107
1025404288
1024563156
1025511223
1025570185
1028410865
1025405080
1024119774
1026491784
1025975456
1026700393
1026770117
1025621992
1027377317
1023671916
1025159905
1024423138
1024673095
1024614076
1027527846
1027112217
1023841872
1025254848
1028766693
1027081486
1025930404
1025109853
1027614160
1027837939
1027305545
1027800824
1026660263
1025348463
1024459209
1027038982
1026075757
1026313559
1025391678
1022244819
1026121477
1025067523
1027582401
1026025581
1029637952
1023978915
1026969768
1024446301
1024925600
1025249266
1023941693
1026833687
1025490534
1027575446
1024842633
1027247670
1026266287
1026179137
1025252736
1028530280
1025582096
1025676452
1024754956
1026661663
1026925348
1026973517
1024684162
1026643239
1024060871
1025782156
1025298169
1026774249
1026943463
1027562115
1024491195
1023330741
1027330346
1028328178
1028336656
1025746222
1025841860
1024712741
1025203414
1028107778
1027222887
1027137367
1024270492
1026562821
1025683110
1025424924
1026423532
1025250953
1026531781
1026265106
1025821862
1026164340
1025371027
1028221886
1025073135
1027183761
1025176583
1024792223
1026225607
1027157890
1023170331
1025169343
1026426717
1023015869
1030552246
1023871290
1025567618
1027261563
1025744358
1025176212
1026127105
1027297492
1024518930
1027916676
1026451016
1023895895
1028045763
1026447945
1025995619
1026668025
1023988503
1025379347
1027738606
1026121790
1025391729
1025544593
1026084949
1024248112
1024800540
1025904556
1026584306
1026434980
1024853564
1026282097
1028064380
1027547300
1024844711
1026435176
1027141990
1025244185
1027027756
1024929121
1028224153
1024201226
1026281862
1027006315
1027539297
1024510646
1025822709
1025402842
1026808415
1026619985
1027307268
1022862084
1026419433
1023974960
1025317355
1026515128
1026030401
1025267381
1027765991
1026648645
1026739540
1026194967
1027205178
1023703342
1025539663
1025439370
1026600507
1026193934
1025746752
1024869267
1024120813
1024715938
1025865653
1025749552
1027662410
1024731935
1027393950
1024452699
1026148375
1022105066
1025933552
1027002180
1025613886
1024415640
1025386676
1025630176
1024907260
1026095744
1025782771
1023860301
1026470165
1027304133
1026899880
1024812816
1025094348
1025770551
1025853057
1024858644
1024508935
1023931583
1027225918
1026164747
1025963990
1027768287
1025947690
1026345439
1027126988
1027425067
1027894009
1029035944
1027446545
1026502293
1026010761
1027627365
1029690328
1029573841
1024428806
1027241707
1026454596
1028017502
1024631549
1029097902
1027468770
1026355650
