789567056
792682045
791559277
791933986
793655179
790238344
791639536
791350350
791658864
791672421
794003556
791696801
791096053
789843523
790383978
791475622
788942955
791625571
791540995
791812436
791905561
790509352
791134738
790247374
791603960
790896803
789925379
791244856
790881433
791345988
790529409
790132611
791976383
791145324
789828535
793884812
789595599
792701507
790208414
792565808
791654741
791196340
791387597
791166689
791957624
790191421
792414290
791495684
791881809
791646810
790404414
793233454
792877879
792749769
790351355
793700425
791320969
791209721
790959866
791643945
792184868
792249972
787977775
790994007
789989864
789889132
791853603
791323959
791534344
789956513
792084675
791815608
790839160
789233127
790824725
790472748
793693573
790529850
793624286
789367196
792156136
791848772
791925447
791142955
789907270
789863488
792247313
790052174
791500206
791193921
792942438
792933317
790384110
790938531
793775978
792611712
789844176
792311136
790386004
793205973
788964712
790735864
790603924
791848120
793180418
793640913
791372058
790362247
792259314
791596098
793736240
790682342
790069034
791252867
792227245
792636324
791131660
790825182
790843578
790614949
793671092
791373094
790195226
793547506
791582873
792061243
789227377
791949571
792266037
791551127
792427510
791453820
791720583
788677845
792792588
790259609
790993390
790851013
793276216
793237316
792680011
791771282
792186025
789274797
792273574
790911970
790814414
792197051
790660196
790244579
793032759
792716684
791025919
790711646
789754046
790778738
791662422
791351540
792660969
791143529
791161164
792098063
790154498
792844939
790920699
791872342
789115381
792018477
792918398
791394151
792580099
792331027
792172687
792657194
790640779
791550726
790924918
791908096
791556885
789341977
792151663
791775168
792116494
790702046
791845284
791858355
793056966
790129762
792005619
790521926
790935244
791819606
790172961
789528357
792328993
792327266
791520910
792518785
792651536
791009708
792443864
790080159
791314679
792718442
792616483
791576189
791071074
789766196
791049553
790235238
790932302
792259194
792215924
791978448
791962579
790459244
790901888
791626548
789562436
789423139
791572907
791753391
793110415
792259490
792291559
792212009
789805304
792217890
792503649
793104555
792614333
793062975
791005007
793161167
790912329
793027956
788655438
791542019
792745538
792580341
789899416
792679681
789729203
791858914
790613221
793866726
792182579
794350374
789211015
791054868
791629458
791419029
790694405
791045660
792118533
792322603
789955402
789166275
790696171
791074318
790960162
791891076
792024578
791060015
791441548
792269015
791609619
790078950
793384028
791382324
792114028
791232525
791040143
791262605
793460200
793080607
790610142
789132735
791815380
791967410
792723236
792413369
791070412
792940110
791425898
790588542
790715730
791467685
790566534
795113176
794191708
791464650
791107454
791426043
791418803
792376078
789708558
792337768
791841539
793096014
791820181
791604125
790547880
790634375
792601228
792584711
791836892
789893380
790248066
790591539
791338708
789545822
792277157
790673359
792651304
792591428
792082598
791301093
791387509
790532342
792891884
791867839
789347672
789400620
790478040
792445968
793255011
791907769
790469902
791614841
793110637
792160651
792522886
792035727
793220654
790405500
792557052
790770246
792969310
792744781
792504786
791579624
791801160
791574280
792457338
791880623
792971376
790309207
792353090
793200295
792016346
790911657
791537638
791769243
791538722
792639325
791272620
792166593
790665740
791482417
793232248
793721510
791796789
791022265
791188291
792938221
791626623
790751856
790531622
791819886
794100806
792755552
789961816
791942270
792467456
790451985
792351376
792508439
790568100
791696304
791591373
790586327
789908599
791469884
790953696
791059878
791380688
790772203
791756798
792102234
791576038
792162134
792492556
791101135
792294900
791935729
789726706
789282222
792768224
792714839
789933047
792879720
793163638
791598316
792973955
792338335
793446577
791076274
790834880
791189358
789079165
791271286
788877655
791641439
792894565
791914040
792637882
793829700
791901659
791821589
791918314
793450418
792275234
789308046
791651121
791099770
792048703
792452670
792982245
790300211
793345685
789224251
792884661
793095611
791041792
790777738
791236622
791530712
793220863
791976652
792450669
792868908
791974700
790388817
789929466
791814890
789816569
790690673
791063110
791693607
789961217
791020747
792148062
791136880
791017269
789829748
790810899
791206414
791190360
792809676
791347137
790254930
791342243
791843576
791083077
793133487
791744665
792054538
793960718
792453243
791999630
790407521
791992317
791724180
791231874
793385070
791549234
790416976
792616803
792045572
792122737
793873694
791620272
793378028
790592110
790945340
790695558
789241934
793307947
791057262
791874673
792476212
790699476
792014594
791329479
789991500
791597752
789831855
791998037
790392087
791312177
790714978
790005370
792631755
790375514
791430390
792399202
792302908
791399810
791003735
793962033
790950518
789632081
790647209
791982186
791408735
791011631
791406264
792638368
791337466
792875633
790688705
791655452
790152395
791717776
791166536
790407324
793043264
793808798
791654134
794162881
790252250
792877334
790701621
790082949
791614295
789445881
792690289
790386352
791749253
790461014
792223114
791495021
790181806
793647512
791127176
791931088
792869463
790924568
791184305
792369800
791390095
791357669
791212818
792066549
791618327
789682179
791482690
791581780
791826039
790157209
790902659
791103966
794323037
791346033
792793056
794499086
791320049
791737974
788586684
793240868
792909104
790823241
792605777
791106957
791963971
792144189
793556814
791652063
791324243
789401550
790419345
792241138
792096253
791484009
789884079
792129189
790708160
792155366
791527956
791597406
791752672
789524504
790034229
791703533
792673744
787209509
791799052
789663006
789931013
792027242
791116854
791005783
793607808
792247086
791114271
794673773
792438686
792612275
792217434
790495282
790257559
792650971
791914358
792794765
791723985
790842903
791491300
792033933
790486764
793129398
792566237
789451280
791312619
793297291
791331412
791993716
791792644
791868912
791128327
791620579
792391237
790102280
792055191
789701863
792378469
792297160
791982843
791203179
792847495
793049246
792338916
790977343
793083765
792412425
789320746
790357055
792173142
793088646
792532806
791095374
790316032
792262347
791137022
792997477
791896732
796620998
789774013
791495287
791220697
790817369
790694843
791592158
791824427
791358126
791382603
792778397
791298475
792280032
792351548
791442486
789512504
790907100
790953064
790978394
791394053
791644759
789601350
793099858
790195604
791184271
791739725
791757095
791881284
792051796
792560478
790508370
793231631
790316611
789628655
789657154
792564747
794042906
791109887
792363261
792284297
788970854
791945607
792371807
791987939
792217374
790127223
791665725
792675074
791566804
790692070
791427727
791870948
790189761
792466874
792373472
793002439
790504136
792455143
790404235
792301686
789535171
793209417
791438985
792461558
791131445
791658854
791655168
792496369
790621889
791835064
791196172
791597395
793239094
790982671
792087058
791495475
790187395
792981361
794154651
792294281
793417771
793358966
790056603
792207213
792402289
791103643
791145479
791949453
791670755
793580298
791393424
791499331
789757513
791487230
788885102
790742881
791531947
790207448
790465965
791870771
793054234
790720228
793156261
792766376
791779645
791075972
793391396
791478439
791321550
791672992
793051398
789531511
790812901
792910694
790456705
790296022
792259926
789936632
790430756
790272682
790809228
792420163
791290312
792337508
793080137
790794250
789667990
789981797
789905081
791830056
792731490
789699465
792450561
791276471
792759379
790474271
792220408
792247615
790793288
793305281
792457554
792737841
792936073
792055942
793662355
791095137
790395449
791339356
793215961
791631458
791576905
791792022
791007858
791273665
790980306
792331719
792845437
789914271
793540049
793622604
791073188
790857435
791206560
792468871
791503507
791107874
790044934
790569241
793550868
789415665
791443677
789549865
793226333
791292561
791405381
792939975
791843963
791183226
791114804
791526036
792118130
792561461
790486216
792271774
790660825
792907957
791820684
791026555
793427965
790933304
791470190
790727654
791577694
792280666
790811951
791068272
790647465
792197461
791570063
791935547
792805764
791367935
790858946
792579070
790511826
792072569
793024013
792334231
791360096
793537099
792742900
790166795
790049331
791709438
791915540
790693050
791891191
792147794
793793948
790870370
791385374
790991207
791873904
790371379
793362906
791646863
792019882
793635398
792252055
791838205
792378784
789915647
791049061
791554188
794462186
790251148
792520135
790644989
790569667
790687551
791581448
792257595
789373045
792240435
792792382
791699884
792233289
791110781
788900699
792340235
791735393
794312225
792191966
790385627
790568556
791740068
792971973
789374751
793094969
792911272
791035873
791323181
792171780
792026629
792030625
792334828
792432524
792154086
791735263
791784840
793734047
792780839
792726831
791711964
788920372
792000839
793624233
792756136
793752345
791479291
792366453
790915262
791398213
790909883
791551248
791203518
792028525
792887148
791129956
790183072
791345083
791423016
790953886
792135763
790891600
792715747
791612427
794000691
791680843
791046900
789457834
792403906
791987981
792290274
790843391
792250901
789634554
792091455
792131855
792736291
793195242
789996940
791667134
790700080
790318123
791798192
792905401
793803252
790983028
792644802
792752000
792508677
792531832
792478591
792373207
791425230
790505357
791915800
792395759
791634551
791141304
791560257
791783409
792332722
792527078
791166513
791485265
789880702
790667563
790626788
793532162
790734908
789845322
792521868
791264233
