1533773171
1534639581
1533535549
1533203570
1530736425
1534753889
1533886344
1532111962
1530852037
1532043370
1533402449
1532420127
1534697666
1533006231
1531893714
1534833321
1530435452
1529230843
1532033901
1536326958
1532908979
1533252271
1532849657
1533759675
1534410227
1531429859
1535112647
1531824545
1534852908
1536014458
1534438082
1531592842
1530986210
1533676077
1533694417
1534648404
1535329209
1532312191
1530843290
1534196093
1535326082
1534752969
1536447371
1533265001
1532969048
1533750103
1534165086
1534806741
1530072837
1530126461
1532118687
1534689572
1531984338
1531011574
1534872526
1530946823
1531701298
1530676177
1531228315
1534479580
1536499134
1532983507
1534588195
1534988688
1534164718
1536031696
1531081519
1531074851
1531727326
1532764367
1532009040
1533724028
1531633569
1533555662
1533632695
1531356585
1532084868
1530481979
1533326501
1532631277
1535076790
1530924871
1532576553
1532907135
1530577605
1534518300
1534215417
1534405967
1534390253
1533725123
1533785935
1534898059
1533781231
1533493149
1534485967
1535590834
1535667197
1533800604
1532751773
1533055429
1532969003
1530780069
1529974315
1531639504
1530424369
1534564885
1533410055
1531504727
1533160855
1534605468
1531745626
1533211906
1531953623
1532244641
1534149435
1534391124
1534647695
1532017006
1533380189
1534161879
1534085896
1534174060
1532641145
1534707834
1533889528
1532615480
1532793263
1531214979
1534954769
1533316253
1534722887
1533870087
1531233115
1534467531
1532220299
1533799009
1534054948
1532588130
1535390751
1532590936
1532748439
1531231084
1536172814
1533826775
1530472516
1533659348
1533668483
1533608885
1533541280
1533674931
1535595893
1533594971
1534817298
1533953343
1533526159
1532188085
1531714023
1536113218
1530583529
1532179808
1535918639
1532364287
1534507589
1529324122
1532854336
1534157041
1535432122
1533425456
1535040997
1531792386
1533422684
1531370279
1535861631
1530963909
1532898472
1533412109
1532509287
1532720665
1535378010
1534503695
1531120977
1532472511
1530422439
1534326056
1535007245
1533021938
1533203161
1536050515
1531243672
1532834277
1534403217
1531156238
1532570757
1531814895
1533597589
1533860149
1532106791
1531803565
1533928221
1534273097
1533097686
1532955433
1533711739
1533907602
1531833640
1531693140
1534051648
1533665100
1533124212
1531080530
1533525638
1530963970
1533498935
1532300765
1533111394
1534151910
1531193625
1530753265
1532724471
1532175532
1532809396
1534453315
1533476299
1533800077
1536055511
1533942742
1531381811
1531488243
1534014503
1531198563
1530983771
1531589298
1535027167
1533451359
1536835305
1532397529
1533699357
1531039749
1530449033
1533627824
1532908237
1529369399
1533631931
1532305863
1531694612
1531662420
1535688612
1532869745
1534117906
1533932163
1531121236
1534314181
1531473241
1531198594
1530080869
1531288267
1536283893
1531567064
1535220971
1534878666
1531764883
1532689601
1533162128
1531512149
1534147626
1532444421
1532507524
1534806324
1533183510
1535339304
1533174607
1535816480
1532430139
1531729710
1532674320
1535891625
1534110750
1529832173
1532915256
1534220043
1532853304
1534560141
1528626712
1534658714
1536070312
1535525545
1530975226
1534188480
1533316209
1532457389
1535210768
1531890275
1534809011
1530958887
1534211641
1531181500
1532455435
1533371850
1531062668
1531876300
1533825260
1530290162
1530354173
1532333052
1532199862
1531242218
1534696435
1532821416
1532340523
1533065658
1535417830
1531040901
1532595247
1530486824
1531934938
1532438811
1534383240
1532978066
1527115737
1532599206
1532393673
1533678714
1533236048
1532426459
1531885820
1533220145
1530980752
1532554618
1533858835
1531845406
1533703602
1532654928
1532396017
1531386199
1532462198
1534399473
1533025333
1532137211
1535053319
1533937986
1533167955
1530930243
1534692225
1533696635
1532834647
1533379397
1532162908
1531590342
1532278513
1531523696
1535060701
1532120522
1535204686
1530668426
1531881311
1532194899
1531452834
1535882713
1532295708
1535065908
1534463958
1533385259
1530037081
1533991272
1533655617
1536595530
1533000412
1531474617
1533119521
1535917893
1536119751
1532377269
1530636482
1530011294
1531555033
1534515709
1534159360
1533059849
1531872951
1534145650
1533040289
1528167832
1532261556
1535109104
1532787395
1534355823
1533256655
1534500155
1532439029
1531819235
1533854361
1534579841
1532633067
1530778912
1533773055
1531748693
1533061801
1535340512
1534936299
1533265807
1534539682
1536234180
1534615982
1531931980
1531093019
1533716329
1534054632
1532179960
1532758192
1534863783
1532568238
1533197681
1531257175
1531299619
1532454097
1533628303
1530163888
1531471594
1532715301
1531132103
1531683084
1532947769
1533566940
1530885990
1534664170
1530412980
1531748488
1533010960
1533431110
1534641407
1534137766
1529071704
1529066195
1533917792
1531990613
1530206962
1533651839
1534715535
1531695920
1530432286
1532024592
1535105321
1532704564
1532786725
1530246810
1532984596
1529002142
1534376138
1528917123
1534333772
1531742093
1532643292
1533798434
1531229662
1534577062
1533283291
1532004680
1530789852
1533199089
1533592844
1532876212
1536226324
1533625464
1529055102
1532932634
1532420068
1532768676
1532122248
1533434720
1534244138
1533881950
1530611177
1531909965
1529054585
1533708541
1531312412
1531735643
1532328600
1532287901
1531932869
1533322891
1533254565
1530928504
1535286480
1535370281
1536808384
1532305136
1532574351
1531681271
1532724543
1531911986
1533673546
1531791479
1535156493
1533101524
1532480585
1532903763
1531642345
1529979291
1534969183
1533281035
1530776432
1532641670
1532969336
1531103119
1533332872
1535619960
1533638525
1532977117
1532973382
1530897040
1534387423
1534694237
1533374806
1532012675
1533419530
1532730993
1535803653
1531036064
1533072415
1529695647
1532656258
1532891683
1531550761
1531904970
1532306643
1531934761
1533885811
1530457179
1535008848
1534236344
1530823853
1530970149
1531740982
1531165786
1532245899
1531566721
1534352346
1532203693
1531693925
1529291212
1532304927
1533167609
1532127713
1533819693
1531982573
1531849403
1533113438
1531891090
1532164557
1533383308
1533941416
1531462211
1533957365
1531544522
1533663027
1533696513
1531289960
1534041584
1534692904
1532333727
1533875066
1531995286
1530385923
1535613908
1530790464
1532861223
1531612775
1533549594
1531754836
1532185237
1530129969
1533793576
1536481077
1530482253
1535336868
1533787918
1532686249
1532526545
1532541131
1533526436
1532607565
1531711032
1533677222
1528604741
1531858792
1531320876
1534297441
1532196151
1534283158
1532348318
1532759378
1533186036
1530582622
1533356309
1533248075
1535719633
1533184955
1536663655
1533221332
1533250594
1534760046
1529468699
1530988768
1532530836
1532218354
1532283947
1533285415
1533067617
1532136987
1531657333
1533103323
1534820060
1532650699
1534228926
1532852848
1532078472
1534327978
1531395017
1531480347
1532836761
1535854736
1532962042
1536010268
1533326791
1533046220
1531044401
1531654243
1532938113
1531269106
1535409443
1532794462
1529897369
1534175575
1532439722
1533715394
1536395545
1532843359
1532428321
1531454638
1534319701
1533009915
1533898819
1535020205
1530987505
1532255102
1536730564
1534531464
1532483890
1535229825
1536434812
1533170145
1532241071
1532793022
1532937673
1534298949
1533435757
1531195188
1533643267
1532907349
1531744140
1529289874
1537130460
1531645259
1531795285
1534060111
1533612094
1529672713
1534725976
1534175826
1532560202
1532653398
1532540229
1528187503
1533383172
1533290902
1531248959
1533570094
1531597295
1532548091
1532296455
1533403003
1531210650
1533914390
1535759179
1534419582
1533301997
1532836952
1534091028
1536203290
1534323300
1532952588
1531414797
1531825489
1533170431
1532177804
1531566499
1532783750
1536523679
1530102758
1532574517
1529879305
1531075717
1532758089
1532474971
1533153711
1534545958
1533355299
1530278532
1532106657
1532802076
1534449141
1531650363
1530357015
1534099946
1534420110
1532962493
1532701698
1536745746
1529990627
1536434293
1531121781
1536767064
1534197746
1535600650
1531749201
1533308360
1534880611
1533427657
1534016887
1537641976
1530239511
1533302688
1533033722
1530434622
1531217643
1531715518
1534078388
1530992949
1531600318
1532753095
1532829039
1531466791
1535829570
1531002695
1531344095
1532968913
1533509886
1533697270
1532970601
1532000230
1530091934
1532167176
1531953374
1532925751
1533986240
1536708928
1536004209
1533749747
1530189770
1531582369
1531942382
1535014837
1532907804
1535274387
1532884567
1532572785
1532922457
1534463686
1533009191
1532544153
1532960556
1535074058
1535511722
1533036806
1532986803
1534892720
1533154730
1532056699
1532889087
1533748399
1534613944
1532682909
1533394098
1532056448
1532436760
1531956934
1534270252
1533717038
1534057840
1532377234
1533636486
1529420177
1531546116
1531549655
1533324657
1532589169
1532251935
1531896721
1531256659
1529596439
1533099015
1532073212
1534315473
1532765516
1532759584
1530688975
1531625321
1532659312
1531442617
1534296195
1532576963
1534103271
1533266398
1529966553
1529465110
1532659373
1530964947
1536059288
1534374774
1533039951
1534640504
1532948229
1535281650
1533272085
1534621442
1535805692
1533513127
1534531449
1535107996
1532609401
1536096310
1533508696
1532735644
1531458243
1532977515
1532622490
1534593153
1534082624
1533384896
1530216828
1532763944
1532898753
1536047913
1533209600
1530273575
1532801194
1534487197
1531618205
1535589119
1532082869
1534184145
1535279492
1530505403
1531903697
1532495330
1532561819
1532447232
1530545823
1532066762
1533845832
1531327973
1536501979
1536186757
1531976501
1529985730
1533440282
1531873625
1532233811
1530989303
1530731952
1535651800
1534850068
1535672408
1536414128
1533278481
1531101134
1532507540
1535688917
1532408318
1532292494
1535159333
1535371635
1533378167
1534618985
1532363007
1534256637
1535938750
1533113084
1531574993
1535490778
1529301013
1535178029
1533207694
1532437388
1532012492
1534281898
1535000389
1536120030
1535091388
1534578469
1532324489
1532673281
1532537663
1532811563
1533385944
1530605871
1533005423
1534887603
1532828829
1532330741
1535079352
1531332035
1536860940
1532783231
1531411130
1533166842
1530963826
1533559308
1530268419
1529837545
1535790391
1533726312
1535511875
1534152508
1532910248
1530407703
1529477177
1532073646
1531055962
1534442485
1528464561
1534046012
1533057846
1532416429
1533122414
1531894537
1532792802
1536167320
1530223580
1529084401
1530877446
1534915108
1532637684
1531660281
1532135849
1533568208
1532381454
1532090220
1534080198
1529519739
1532376254
1533064943
1530421072
1533997941
1534255576
1532711789
1533184206
1529365823
1531623052
1535531721
1529692425
1534450001
1531257209
1533141104
1531130965
1532198977
1531764147
1531118955
1534188444
1532803887
1533598817
1532439322
1534384230
1532804978
1531568840
1532558609
1533845680
1537665975
1536543377
1533612186
1531099332
1534860430
1530013997
1532831730
1533367395
1529495641
1534608919
1531623259
1529799700
1534907632
1533458827
1529665264
1533401778
1530051241
1534235366
1534982829
1536418257
1530752863
1533434529
1531862268
1535487653
1532660967
1533818899
1533463669
1533547047
1532045337
1532824326
1530655353
1534002959
1533192549
1530147402
1533575373
1532638819
1533372471
1535733870
1533145203
1531683740
1533456142
1533397431
1534971056
1535569505
1535616390
1533963548
1533880411
1532413525
1533107373
1531731521
1530434688
1533013612
1531096065
1531718544
1536441104
1536362402
1529925658
1533032739
1533939048
1529295825
1533500492
1533939396
1534363265
1534440150
1532581746
1534265472
1532262894
1534856764
1533033572
1535034804
1535441281
1534185713
1532179411
1531746112
1533081229
1533354859
1533307639
1534067996
1532663066
1532805639
1537259151
1530725054
1534153854
1530053199
1530455343
1532810546
1533735547
1528429756
1534488033
1533069375
1531730584
1532788224
1535167872
1535078500
1531625034
1532883891
1535976407
1534478398
1533394182
1532684460
1530900388
1532305727
1534648487
1532793227
1532923015
1533606720
1533325675
1537226670
1531447420
1532244847
1533770332
1535013227
1532448992
1534135800
1534904212
1534155086
1532775454
1533254056
1532498174
1534534552
1534196146
1535133942
1533262219
1532791824
1533015138
1530843555
1535270286
1533998597
1535853343
1534022561
1531665610
1534864506
1532644520
1531419268
1530470584
1534358697
1535013561
1531379725
1534832562
1530358558
1533414624
1533203978
1533741568
1531922772
1533548476
1535294770
1535569354
1533624433
1535004519
1531699140
1533563878
1534210362
1532376356
1535397976
1531560647
1534966298
1533787064
1534178156
1532286279
1533374862
1534299488
1532692296
1533424914
1533927526
1535738208
1531948032
1533844065
1531811469
1534534473
1530300137
1534992668
1532208803
1530985795
1533412743
1533292219
1534769223
1530550674
1533521971
1530639826
1533113710
1531180133
1534100017
1531027749
1534317168
1530614666
1530671504
1536096740
1532826090
1532072486
1532347616
1530965045
1534926928
1533894611
1535373322
1534603314
1535321482
1531303766
1534162538
1533583246
1533067182
1533210424
1528955491
1531406342
1533442602
1532411058
1531756388
1534607122
1530540377
1533065275
1529611532
1534287219
1531984974
1530091859
1532280319
1532748294
1532374979
1537591101
1529819644
1531245138
1536469922
1531851077
1531098259
1536696040
1531497300
1535896174
1532605552
1532972440
1532946790
1530439961
1534810451
1534123363
1530558624
1534511587
1534182374
1533466691
1533263848
1531689534
1531623629
1534954700
1532003535
1532704789
1532987688
1531169772
1531781300
1534467853
1532258562
1532241171
1530969486
1531238146
1532591635
1532781817
1533240682
1534237948
1536015218
1532942163
1534365480
1533956778
1529976102
1533770360
1535161370
1534902375
1531251274
1531813804
1535041304
1532003826
1535272492
1530543828
1537644864
1534280781
1530486102
1536165041
1533297047
1533467159
1531074487
1536004067
1532754073
1533966035
1532146427
1533716543
1533610952
1533992744
1531570945
1534419101
1531097680
1531874393
1535880753
1533395356
1534246149
1536325621
1533390512
1534586697
1532762935
1532740597
1533345615
1532353932
1535023898
1536375461
1534927441
1530442466
1530978842
1533559032
1531955239
1532370862
1535492876
1534182058
1534056757
1535306618
1536634170
1532950775
1532086736
1533402617
1531614334
1534190105
1533591679
1531668804
1532026768
1532015598
1533202156
1529769893
1532439729
1532919295
1535214881
1532440127
1532967087
1532590890
1536323706
1532098403
1534711548
1533529979
1534101515
1531467259
1532804169
1531862177
1531001549
1534613519
1532445760
1534218637
1533106592
1533474582
1531873737
1532919431
1534945261
1535584553
1533061877
1534283322
1534462615
1530650568
1532186238
1532692015
1532551655
1534012425
1533744220
1532976008
1535354387
1529519489
1534022095
1536818543
1534002566
1529760435
1532931020
1532096229
1531061683
1534835437
1535634823
1535522308
1533886988
1532347776
1533023886
1533877204
1532014768
1529113391
1536170863
1531698934
1533013968
1532273701
1535793031
1533100817
1532582639
1533134353
1535116155
1533885201
1534498726
1534070373
1535052133
1535645384
1533306503
1532417665
1532767434
1533923524
1537615643
1534214647
1533163680
1533174756
1534542932
1531508720
1534608370
1533060866
1530062525
1532307086
1532181878
1534528066
1532905231
1532037261
1531053245
1532816548
1533417528
1536423114
1535023450
1534104310
1533913695
1531297036
1531754235
1533616351
1532272055
1530620229
1534485215
1531927475
1532528988
1533915460
1534425720
1533547580
1536066587
1532518513
1533448590
1532354357
1532183100
1533526490
1533774150
1533380550
1535189294
1532713097
1535306601
1531184978
1533176244
1533855010
1533210307
1533042124
1533943440
1534259662
1534302703
1534309837
1535633273
1534726974
1533606484
1535641646
1532001368
1533029893
1534224430
1535471914
1533271529
1535164079
1533796733
1535967066
1532410969
1531694999
1533618419
1532042988
1532849512
1534785866
1534128185
1533835599
1533548301
1535595644
1535766430
1537368595
1533013329
1533360742
1533372518
1531328987
1531359810
1534693821
1532233605
1535851880
1533344714
1536845077
1532859877
1530849508
1532335973
1534797355
1535730002
1533567181
1535335263
1532925911
1535020564
1535226125
1535072958
1533444233
1533990237
1530067964
1536021152
1533370021
1532856956
1533593560
1535183214
1533482278
1532666735
1531909372
1531016683
1531605264
1531799070
1529838625
1537049873
1533472819
1531812392
1535139830
1532982250
1535411298
1533475386
1530373811
1534558654
1531311974
1529748459
1533520575
1534782794
1534669125
1532973094
1534433776
1534071220
1534463967
1531129225
1535335984
1533018003
1536496995
1534279665
1529348764
1532747642
1534568007
1535988642
1534970937
1532790570
1531825925
1530817547
1529867558
1535650216
1529015272
1533726893
1535498354
1531881498
1534904960
1535472267
1534026126
1533226050
1533357712
1533429386
1532049622
1532921194
1532093816
1532330320
1531214842
1533716864
1534689866
1530769000
1532357753
1531567581
1534628102
1534311261
1534452823
1531911228
1534716700
1533046065
1533082908
1534400214
1533436711
1533076061
1532812132
1529965990
1531401232
1535724921
1535802724
1532081064
1536366440
1536280937
1534327440
1533596843
1536274854
1535639388
1531019524
1533649477
1532305861
1534592887
1533437541
1531937691
1532255505
1531565461
1532062168
1535319745
1535690442
1533772321
1532659101
1534592207
1532045278
1532898744
1533547994
1535203042
1534087608
1531067194
1535856389
1535341145
1532421611
1529824214
1533857990
1533877985
1530833696
1535471180
1532366623
1532029646
1532231109
1537938565
1531470963
1534173021
1533166162
1533240906
1532142738
1531945077
1537185838
1534747738
1530935374
1531889025
1533590330
1533183060
1533376167
1533535936
1531224252
1533544297
1533342295
1533899958
1533714740
1532201725
1534237882
1531749718
1532546647
1534384954
1534060665
1530472381
1531073719
1531388446
1536045338
1534399339
1532093949
1532849470
1530745398
1533206625
1534817879
1532109050
1534539422
1530165334
1534627408
1534582130
1533406448
1532724649
1532948914
1530732625
1532092562
1534113955
1534247413
1531574865
1534237436
1532631197
1534840343
1532835147
1532952898
1533467117
1530017105
1535448722
1531511666
1535845731
1530705803
1533905148
1532337395
1533409466
1534284938
1534186181
1534891129
1536565393
1530153468
1535217045
1533321665
1533716257
1530566710
1534187694
1533347946
1530910618
1536041350
1532862014
1534651590
1532252121
1535472837
1533220032
1536079556
1533776630
1536140870
1533320366
1532169209
1533784732
1533266713
1531675899
1533324002
1535866154
1531058155
1533359660
1534701902
1534476295
1533878069
1534113594
1536935037
1535817676
1532238661
1534570307
1535007694
1532432362
1533297676
1534356317
1534513375
1534423751
1530322057
1533976662
1533288484
1531183959
1533429857
1530965599
1535543347
1533232530
1535714093
1537442236
1535997237
1532722372
1534165772
1534125053
1533420650
1532833628
1534957306
1534379108
1533447832
1532646497
1531152814
1534026764
1532939207
1534923010
1533491330
1538389931
1532854219
1532986252
1534854854
1534123037
1534646800
1535859171
1534830881
1532285049
1535115870
1533662569
1533455088
1532064793
1532810014
1534797969
1534554505
1534950681
1530985296
1530772833
1532878375
1533485513
1531089146
1535253854
1533819620
1533155719
1535838212
1532579904
1532295399
1533838276
1536652913
1534031047
1533113428
1533652134
1532082740
1530921136
1532224944
1534590343
1531729311
1536473560
1538007267
1533436356
1533597697
1531611758
1537037495
1534007417
1533356579
1533335839
1533138601
1533698963
1531999471
1534719555
1533654867
1534409066
1534273466
1533199230
1532676353
1534146512
1535813687
1535879311
1533475814
1532165287
1531579075
1536329161
1533064711
1533942736
1535113583
1532011118
1533514787
1536182237
1536217550
1534140816
1534616128
1534908980
1533567902
1535222769
1532642855
1532956585
1534149338
1534773443
1532575636
1532889882
1534467083
1533257179
1532888795
1535580052
1534658372
1532662254
1536427047
1533043163
1535390020
1537206387
1533717325
1533207337
1533292168
1532174286
1531927141
1532631852
1532832886
1531640569
1533463569
1533020197
1533317083
1532523137
1533845781
1533855224
1534916056
1535903143
1534747735
1531241956
1535063741
1533741633
1534510582
1530149176
1532834578
1533802983
1533616679
1536770978
1533716397
1533056245
1535611747
1535417621
1535030086
1535491550
1536073080
1534429302
1532375895
1535797225
1533476895
1531397231
1535568572
1534245656
1532247774
1531800181
1534815861
1531004135
1529816955
1533295790
1534468802
1536160261
1537989718
1532833831
1533401705
1533198950
1535131710
1533717884
1531201930
1533665123
1533881218
1534946380
1532801344
1535469066
1534842571
1536078699
1532321103
1533852899
1535888502
1534941831
1535155558
1536173476
1536628242
1532198961
1532277425
1533990811
1534844386
1534440495
1532691629
1535797207
1533618315
1533528296
1530882353
1532542452
1534733084
1533910226
1536261644
1534884416
1532881722
1533357329
1531238930
1534615923
1534343154
1532556337
1537597760
1533163662
1536237351
1531864069
1533592540
1534319941
1533656257
1535476228
1535289963
1533982031
1537294211
1534557600
1532933590
1534716086
1534094542
1533076522
1534106742
1532141489
1533363757
1531679234
1533108562
1532204352
1531369552
1534868950
1535530717
1535278507
1533479258
1536659975
1532335075
1535911106
1536105138
1534463214
1533085113
1533820274
1535121430
1533629227
1534581082
1534733057
1533088003
1532087524
1533497611
1532814131
1533873337
1533506969
1533993583
1535318940
1535709556
1535918302
1532783059
1534473384
1537470290
1536640246
1534787499
1532832069
1533165095
1536343908
1533285500
1533345550
1535369852
1533775983
1534120061
1532222483
1536061769
1536065802
1533849533
1536656574
1533249844
1534430021
1534660428
1538891502
1534832070
1533812858
1534563823
1533477045
1530839298
1535246088
1535415781
1535226255
1532258598
1532931317
1532404404
1534692598
1533370886
1533528399
1533544616
1533816315
1533959980
1534671509
1535335307
1534439601
1533912610
1535292350
1536981451
1533276851
1534932177
1536045482
1534505122
1533825227
1533263536
1532822595
1532406321
1534541004
1534064894
1535875923
1534542574
1530402456
1532444374
1534067932
1534069848
1535009418
1535943293
1535044829
1533893458
1534928907
1533571839
1533858113
1533227886
1534357932
1532529015
1534063828
1535427346
1533682614
1532909773
1538014748
1534164777
1535570337
1534530485
1533314848
1535122328
1535232702
1531146681
1535685147
1531972641
1537075541
1532675710
1535342106
1533578674
1533624086
1532778111
1534584063
1534174059
1532065231
1533224465
1533977223
1535288885
1536986043
1534714885
1532775393
1535596562
1533181180
1531250779
1532378270
1534970743
1535994019
1536359074
1535860671
1532621137
1533622444
1534251059
1532173558
1535114880
1531425850
1532875607
1532625406
1534047237
1533413562
1532858553
1532627226
1536102489
1534485352
1534029335
1533094089
1533495749
1533107963
1533978203
1537410192
1534343700
1535124830
1533544780
1531743061
1535003313
1533910509
1534564636
1534227295
1530528312
1534241867
1535551652
1532484678
1533319359
1533832823
1532169492
1535870054
1535772349
1535056400
1535898169
1535232208
1533799255
1535275751
1532704812
1534431231
1531042584
1536912505
1534701560
1532589460
1534148442
1532469746
1532257173
1533563576
1534583758
1534578606
1532318317
1535879296
1533351389
1535492777
1535904367
1536001257
1534912986
1534385998
1533167578
1534622171
1533903339
1531345978
1532763435
1533873114
1535198930
1534839446
1536504890
1533250791
1534138612
1533829309
1535842247
1535158278
1533437230
1531052688
1533911495
1530758600
1533156119
1533402647
1537388018
1534775134
1534660766
1535149023
1533795894
1537536454
1530581593
1532294663
1536023818
1535004090
1531463275
1534344462
1529517041
1534978199
1530629087
1533889379
1536849936
1533489551
1534242124
1533690382
1532728863
1534735222
1533735903
1535739381
1535180069
1534313995
1535643033
1535215872
1533880154
1533810828
1535431577
1535468617
1534268836
1532152712
1533874376
1534944329
1533340667
1534718097
1534071004
1531065682
1533032349
1535847277
1533541866
1534342017
1534557094
1533070243
1535874352
1531675976
1533166527
1531972378
1535969533
1535498410
1536724579
1535931693
1535933429
1533165806
1532425259
1534955281
1534755446
1533734656
1535336480
1538199323
1533370888
1534515751
1534591049
1534058254
1532598183
1534490868
1532813465
1536420431
1539459368
1533027488
1534449264
1537669696
1531336844
1537170081
1532320971
1530671470
1536182770
1530057666
1534205219
1536972832
1536091278
1532417187
1533256608
1534209311
1534805132
1535548457
1534784516
1537236114
1532646299
1533538565
1533373363
1537018612
1532862673
1532521819
1536455964
1534894901
1534145608
1533270429
1531465680
1536546212
1533015585
1535440767
1533619530
1531718362
1534363007
1533716845
1532705464
1533299712
1533279024
1533926562
1536550882
1531026851
1534339341
1533771687
1534318498
1534286494
1534289208
1534768750
1534840958
1535403318
1537559105
1534980524
1531150045
1534144874
1534880736
1533837696
1534612510
1535399464
1537194927
1534582598
1534214882
1532527503
1535379922
1534363751
1533255270
1533947820
1532742805
1535653737
1534800875
1535658755
1533958742
1536290574
1534025299
1532867277
1534411714
1533399158
1534031377
1535110982
1532863240
1535523143
1537483372
1537032921
1536909431
1536964214
1532463466
1535029782
1530629249
1535074399
1534695996
1534530403
1536005140
1535292772
1532959045
1532047883
1533618750
1533870527
1533459563
1537227038
1533265420
1534531240
1536471019
1536206709
1532731085
1536312061
1535007731
1534668082
1534809609
1530408469
1534244195
1533263001
1533562437
1534868398
1534132158
1538172290
1533295875
1538003410
1532663918
1536090349
1536072189
1530692582
1532610572
1533676829
1535497598
1533081756
1534867243
1534655714
1535495322
1534729417
1535415358
1535869082
1533291114
1533380229
1534770739
1534220996
1533218946
1535394534
1532559403
1539159664
1533976681
1533989406
1531788936
1533640236
1536385068
1536063938
1532304946
1535533224
1534980842
1534789315
1535102294
1535882504
1532993749
1534377346
1534035826
1532930128
1534220107
1533311530
1533751816
1533889868
1535172186
1535320911
1532552545
1534838004
1536143227
1539173066
1536189942
1534219251
1535084361
1534285054
1532635530
1533758735
1534700470
1530108881
1533204429
1534392714
1534207458
1534211818
1533349920
1534015231
1535049474
1532696324
1535794205
1534182800
1534972119
1538220064
1532912673
1537064152
1533012373
1531819236
1531426916
1534859923
1534754549
1533723230
1534764835
1532688362
1532595358
1535598445
1534084854
1532479021
1536412702
1534942395
1533114165
1536035457
1531321110
1529210622
1533961814
1535123263
1534609433
1532124185
1535710523
1535467900
1533573808
1532715928
1533100824
1534666220
1531648761
1536173642
1534305855
1534994510
1537012675
1534030708
1534340761
1534298520
1533654913
1537204421
1536961665
1533488051
1532548572
1533407775
1533011393
1536283826
1534127875
1532746082
1533500671
1530462271
1532660876
1535500264
1533974505
1533420065
1534846873
1534149257
1533166564
1534447229
1534169507
1535060402
1535157884
1533782537
1535420134
1537013076
1534972704
1535045444
1536885018
1531635156
1534184848
1534215168
1535600051
1535052522
1536108529
1535570946
1532726288
1534026355
1532665621
1535716357
1533473628
1534042553
1534885573
1533701371
1533720051
1532649751
1533172005
1534528015
1533479870
1534345302
1534190777
1535476350
1533662630
1535974807
1535748462
1532294308
1533678112
1534837612
1535839088
1535231966
1532412816
1533311405
1536770652
1534128246
1531747590
1533815219
1538445577
1533842762
1536170238
1535882227
1532433560
1532822131
1535302655
1534668626
1534600782
1534253100
1532465786
1530535326
1533886434
1534911486
1531899586
1539558705
1533852658
1535631363
1533240755
1535017011
1533326750
1534587381
1534545814
1533796012
1532947077
1533220115
1535102385
1533017807
1534227409
1532681453
1532593591
1533333180
1535874867
1533953471
1531701005
1530700223
1532499559
1533963178
1532863815
1532839556
1533902888
1536879193
1533805060
1534505958
1537599251
1534992110
1533465525
1533776198
1533038992
1532373071
1533200901
1536861333
1534146631
1534532415
1535915184
1533898563
1533698791
1533354842
1535562042
1533595463
1533275129
1533235405
1538426607
1533195751
1533989691
1533884148
1535382973
1533468612
1533193412
1534745353
1534804434
1535284656
1533922392
1532528346
1535280683
1534849260
1534642881
1535640572
1532689884
1533127002
1533978869
1534049219
1532302219
1535581795
1533622377
1535716822
1533514467
1534344431
1533797221
1532967776
1534684069
1535379311
1535283183
1534064095
1531561188
1535064175
1535280354
1532403120
1532696148
1535236583
1535343940
1535769424
1533900912
1533938947
1531987001
1532646177
1533737457
1532601978
1537477839
1531627874
1532790259
1535253207
1532168573
1535615287
1534640420
1533413792
1532725013
1532622061
1533694934
1531628439
1533440382
1532476665
1532268640
1534432152
1536210385
1533901358
1535830841
1534192931
1534013756
1532589707
1532197553
1535996919
1536422204
1534728408
1534925490
1533485257
1534896480
1533942023
1535244422
1535030657
1534426821
1533009156
1531451536
1535723168
1532771768
1535182314
1535314565
1532808844
1537137777
1536825034
1534588603
1531234275
1530945448
1535976582
1534484828
1533509888
1531667719
1532948942
1533433916
1535688862
1533957096
1531604072
1534531734
1534883891
1533620176
1535203424
1535633710
1533653506
1532538927
1532630852
1534341374
1533038923
1534750240
1534583809
1536468152
1533089610
1535121435
1532428474
1528850357
1532810746
1532962072
1532308133
1534116941
1533983882
1533773904
1530616274
1533877646
1535571163
1535014640
1534030003
1536513254
1533874176
1533709963
1531370371
1532047109
1535439032
1535803729
1533098915
1531414437
1534105385
1535057674
1531791221
1533020932
1533718845
1533792923
1532062811
1533020262
1533772776
1533560788
1533107415
1533460905
1534709256
1532859244
1535824785
1536595267
1532501734
1532617490
1535546606
1532448932
1536352143
1533499714
1533526042
1533956801
1534551453
1537561980
1534810657
1535239744
1531997925
1532005083
1534785814
1533167814
1531320217
1531861065
1533774640
1533014491
1533662412
1533741943
1532384154
1536746207
1534142259
1531323372
1533949131
1535133150
1532441072
1533989083
1535092215
1536345319
1534773525
1533591942
1533312802
1535516988
1533624780
1533228836
1534598115
1533634276
1530218479
1531267953
1531762349
1534160752
1535793797
1535265328
1532152226
1534553025
1533146149
1534396406
1532899806
1532711024
1534125210
1532752021
1534968845
1533345761
1533569922
1531251068
1535172565
1534654358
1532990475
1534444046
1532407760
1534186396
1533825893
1530453308
1532122435
1533573756
1536021964
1533184374
1532756088
1533061406
1534857990
1534831688
1533209827
1535354005
1536844323
1532413642
1534764778
1531197005
1532495748
1534567832
1532667091
1532228071
1532197621
1533323195
1532894787
1533279997
1534002389
1534425501
1534436082
1531189916
1533445776
1534826945
1536143813
1535203782
1531467289
1536412161
1535613174
1534802503
1533037726
1532784846
1533235089
1534647845
1532180041
1535219784
1533853469
1532832750
1536900580
1536022698
1532159866
1535728039
1533749065
1533033409
1534354436
1532370107
1535029352
1535065644
1530806402
1533097436
1531919267
1532040772
1533067663
1533065210
1532985064
1534335323
1533036938
1531923372
1536101619
1529472459
1533618302
1532383142
1536173049
1534331084
1535635843
1532593997
1534345574
1533132214
1531640441
1534334095
1535036154
1535928644
1535402032
1536708660
1532118483
1536616192
1533005493
1534415718
1533454229
1533730000
1532319942
1534764204
1535257328
1535933458
1532610648
1536277345
1535474519
1536396179
1537142788
1534288411
1532570985
1533682893
1535796897
1533270999
1535303248
1534924162
1535988178
1536783569
1532434173
1534932990
1534548438
1534040897
1531267365
1532856847
1531734395
1535501238
1533020193
1533882904
1537547823
1535387970
1533753052
1533971225
1534223902
1532107886
1533760448
1533988473
1533787041
1533815953
1533915878
1531387171
1531703360
1532953032
1533453526
1533194679
1537674575
1532672104
1531167796
1535964450
1534681403
1535395783
1533160548
1535864935
1531530279
1532744639
1534269824
1532284087
1535569233
1534087799
1533315690
1533068637
1532804015
1534593352
1537389362
1532859713
1534588599
1534598570
1531208452
1534650171
1533166689
1531170937
1534684167
1534882280
1532909415
1532150762
1530665675
1532786128
1533715933
1536803577
1533797994
1533539273
1534022405
1531742894
1528028038
1532705483
1533438842
1529689293
1533370069
1535163077
1535565923
1534166673
1534294126
1531118406
1534347206
1533360720
1532160412
1533816535
1533156479
1534686225
1535813023
1532343957
1535689106
1533137547
1532723796
1533360435
1534844117
1536112901
1531240487
1534788207
1532928940
1534534699
1536262492
1536146428
1535368705
1535136483
1532713976
1536830129
1536458079
1533202373
1535430285
1531388367
1534328781
1531971845
1532313083
1533038852
1534445777
1530756778
1531637108
1534316749
1534048814
1533916730
1531342978
1531275817
1536063943
1534475408
1534676789
1530284084
1533772602
1534265502
1533109285
1535394806
1530838449
1537628673
1532969231
1533421075
1532912034
1533248257
1534305221
1530483249
1535553800
1533261539
1537474062
1531728457
1532198988
1531063353
1533633940
1532865861
1533235907
1536079363
1531530265
1533492928
1534001447
1533363922
1532283047
1536339143
1534906710
1534891400
1535028118
1533217959
1529690155
1532283063
1535642999
1532360067
1532515748
1532707829
1534728808
1534602191
1530872626
1532259830
1533692711
1534914845
1534707152
1535172765
1531878976
1534687359
1532584029
1534063343
1534348487
1532296594
1535827846
1533243864
1531088249
1533093576
1531281450
1534533604
1535056256
1533533656
1534239715
1533703530
1533822967
1532610670
1532904621
1532033206
1532791926
1530697373
1531776725
1533695099
1536734045
1532468919
1532302991
1532406830
1531170662
1537391001
1534274786
1533546902
1531424529
1533585906
1532988120
1534682884
1534408846
1533194893
1532464661
1532964035
1536073225
1531688494
1534509395
1532266981
1533760062
1535093631
1534186196
1531382169
1533564991
1534358067
1538366638
1530013249
1537126679
1536315012
1533182615
1535086186
1535824897
1535735419
1532672101
1534053154
1533111760
1532666603
1534079807
1536393678
1533575887
1532686787
1533006760
1536317608
1532773218
1531582352
1533715656
1533532999
1531579382
1532812965
1534708482
1533588238
1536762439
1536310296
1534848857
1532962539
1535076944
1534106228
1531871903
1531796607
1534041610
1532683994
1532962669
1534821193
1533864166
1533120574
1534801602
1532324936
1532262013
1535997437
1533431347
1535049998
1534384725
1533368708
1531355202
1533755348
1532438137
1534067226
1531508940
1531878843
1532910487
1533126147
1532179563
1531068612
1532941726
1531902968
1534800699
1533172009
1534567387
1533439608
1531268935
1533943290
1534373286
1535321190
1529863897
1533108894
1533238685
1532118524
1533359480
1534705298
1535115232
1534272876
1534503049
1532151809
1534237595
1532719800
1532979590
1535625897
1534141822
1528345970
1532547558
1531981837
1535022249
1536560965
1532885870
1533622604
1532166872
1535162419
1529998125
1533400421
1534170838
1533171611
1533187279
1536630423
1533391500
1532590422
1531938310
1530972891
1531809051
1537193688
1533207819
1534969198
1532888593
1532446965
1531236235
1533281977
1536286690
1534895700
1533351281
1533916293
1534495143
1534074808
1534337079
1533861047
1532019122
1531386029
1531200273
1530352414
1534028165
1534120918
1534198884
1532574787
1531197283
1530095906
1532821269
1533500942
1531974171
1533515643
1531691304
1534207489
1534523083
1531773008
1533295815
1531243527
1531184635
1530844835
1533742768
1530311349
1533499937
1531418866
1534932146
1534230607
1533186284
1535094838
1532855552
1532756491
1533245448
1530612872
1532461665
1531596831
1530819451
1531489111
1532585047
1536674335
1531446132
1533189818
1532645913
1532082966
1532962062
1531245127
1534257392
1531268791
1532488270
1531882795
1533508947
1531976857
1532329111
1534658313
1530468914
1533460807
1533463261
1534299635
1532268597
1532191471
1533501279
1533585420
1534067801
1530771872
1535729525
1531339084
1535337525
1534439348
1529084749
1531589688
1531168050
1534106944
1533916408
1532107297
1533538519
1533453333
1532501580
1535749617
1535727660
1532497807
1534477348
1531083734
1532001114
1530972269
1532737210
1532580807
1533410041
1532451050
1534297856
1531478470
1530650393
1532504356
1533243825
1534283217
1535162140
1531807703
1533510520
1533820714
1534884764
1533660768
1530217193
1534244994
1531852548
1532825537
1533384278
1533557776
1531923032
1533151687
1536185856
1532929433
1534740976
1533007982
1530988593
1533346230
1532599553
1530710793
1530390496
1531043615
1530863884
1534676294
1532760434
1533991031
1532947106
1535517954
1532905885
1530543179
1531852305
1533117845
1529216750
1532091895
1533429449
1531859039
1532615792
1534357250
1533260601
1531573187
1534294964
1535701634
1533910798
1532772656
1537240679
1532444450
1531135073
1534597430
1532134963
1532066620
1531959716
1529135209
1533805242
1534291147
1531889810
1531576179
1531198720
1534579983
1535132367
1534459198
1533298286
1533557893
1532999145
1535678473
1533694945
1532639303
1536407608
1534759072
1530568032
1530520708
1533867228
1531018942
1531366711
1531839261
1530307303
1533070400
1532949322
1534413082
1531379491
1531960707
1532147582
1532518398
1536006968
1535223995
1533127520
1532791960
1530887994
1534468804
1532363523
1531317835
1534078813
1529785692
1530101563
1533205234
1532740856
1533374496
1532708363
1531249459
1530825059
1532220662
1532943444
1532974967
1535032626
1534428384
1533180430
1533049438
1535244245
1536291639
1531751166
1530736452
1536548998
1533444114
1534788319
1531976075
1533834597
1531094338
1534111154
1531176200
1533762819
1533827515
1530812644
1534485320
1533872536
1532405027
1531884046
1532699215
1532003264
1525901859
1532837269
1534460827
1533004904
1533555321
1529513326
1533960095
1532262106
1531603371
1532638917
1534316023
1534244961
1531720466
1535159584
1530792822
1531769698
1531962004
1534946740
1528271313
1532903268
1533253540
1535027171
1532160489
1533082493
1533271499
1532168231
1533450288
1531898663
1530756072
1536186513
1531422653
1531409406
1532377420
1533120901
1532393555
1535825776
1534985392
1533530019
1534125855
1533991749
1534950714
1534165251
1530867950
1534254061
1530048921
1533573422
1531900906
1532957851
1531724792
1533043650
1532092595
1533071057
1534838707
1534703591
1532234090
1534903155
1532332971
1531802835
1533525032
1532224203
1533428983
1533288138
1533279990
1536268684
1534118726
1531952094
1532650013
1532566949
1531990968
1533377385
1535489555
1534036666
1533467686
1536019691
1535371301
1533293806
1533023489
1530966385
1532669984
1533720913
1533405686
1534918564
1534258803
1532777730
1534017705
1533038980
1534411634
1533706592
1534423210
1534972321
1530193089
1533493973
1532623021
1533152247
1531942199
1531534540
1533850302
1534005828
1534166503
1530090033
1532148094
1531420952
1534939975
1533202264
1532590788
1529955380
1534565116
1534066297
1531203555
1532610430
1532264759
1531856954
1532209956
1534959947
1530933418
1532159373
1530339966
1532356132
1532304857
1532860580
1534318198
1530413143
1535009317
1534919444
1533126455
1530822415
1532333212
1534890352
1535546124
1530863527
1533760526
1534272139
1534513773
1532274030
1532989173
1533752632
1532813867
1534167334
1533840484
1533736943
1535694449
1529079074
1534297366
1532226265
1535874530
1532054910
1533970925
1533879293
1535217880
1533294196
1531934785
1532879485
1530549081
1533562750
1529587429
1536007655
1530817102
1532464828
1528130261
1531452981
1531626091
1532548904
1531366564
1532841340
1533558982
1533423871
1531841193
1534116185
1533175635
1533503974
1533318469
1530621823
1531673054
1532001551
1534997582
1532746661
1531069603
1534270824
1530933619
1535814025
1532926696
1534433063
1533167273
1533315023
1533792815
1533174285
1533010321
1533796727
1531305309
1533248544
1533522584
1534603200
1532182973
1531740970
1529938251
1536857694
1536942509
1532638938
1530303413
1532874922
1533143052
1529201370
1528140483
1533623799
1532621287
1532561580
1532040625
1533257216
1534166092
1528305570
1532345191
1531625732
1536414583
1531156553
1533094621
1533111043
1532561397
1535116072
1532946761
1533486378
1534372918
1531803660
1533828287
1533676718
1531298318
1531159940
1530570731
1533057893
1535520451
1533457109
1535118325
1533261127
1532380474
1529458161
1533945263
1532188250
1534856261
1534249235
1536358208
1532499117
1533345064
1533843814
1534030212
1533569597
1531256519
1535314211
1532103398
1536694264
1534545055
1532942007
1532268247
1534173424
1532537257
1534125227
1533293355
1533077743
1533023566
1530588475
1533981794
1531004795
1530474848
1533071492
1531794090
1530483872
1532194246
1532382153
1533511294
1535374995
1533340513
1532263719
1532571035
1534555250
1531208876
1535444908
1534277332
1536689080
1530948579
1533468494
1534100341
1532978055
1531863064
1531346901
1534051591
1533151953
1528341700
1531826941
1532431942
1534567740
1533793898
1530909524
1534451468
1532849876
1529461532
1530932583
1532588410
1533257536
1530756514
1531445769
1533386670
1532850241
1535550236
1535454778
1531415594
1532894313
1531544040
1531802077
1533532744
1533823423
1533264328
1530871923
1534455538
1532795721
1534898477
1533950481
1533919995
1531773779
1529789951
1535386428
1531684156
1532095893
1533128496
1533294200
1532869009
1533225069
1531273752
1535661731
1533161116
1531714336
1533273565
1531736937
1534865180
1529482510
1533802715
1533499403
1529769181
1531519008
1530930114
1536966795
1535041777
1533814940
1532526084
1533905999
1531787859
1531792147
1531567446
1532363094
1531674542
1533347375
1533665006
1533121548
1530503452
1532422538
1535702677
1534096812
1528758421
1532277939
1534227479
1530548266
1535458714
1533447459
1533972671
1533070203
1532732212
1530226881
1531472805
1534554048
1533773268
1537168633
1534445383
1534083689
1531304255
1537967548
1533228628
1534047588
1533233957
1535199829
1534976987
1532548619
1536205856
1533116262
1533739120
1537268647
1530323644
1531766221
1532013697
1534156969
1533227633
1534977504
1530787312
1535574990
1535135316
1534937282
1534507881
1531110709
1531767375
1533465162
1533867377
1536459107
1533112692
1532944912
1533395461
1533127264
1535134296
1532581689
1531474087
1532023259
1531102591
1533206519
1532291471
1530617587
1533764808
1532756441
1534311941
1531561447
1532585674
1532424867
1533597689
1531552855
1533615842
1533781985
1532931686
1533855098
1533163124
1533592709
1531724248
1534603331
1533900916
1533943765
1533270549
1533592905
1532339479
1534415822
1531557573
1534778610
1531851919
1534488204
1529264660
1532689137
1530553928
1534513962
1529182977
1532942894
1531750583
1528963973
1535390598
1532842393
1529443264
1532228041
1532759824
1535442543
1535795915
1535666097
1531248898
1532977020
1533742921
1533379346
1532548821
1535607717
1533517648
1534387427
1534452250
1533871047
1531852703
1534281001
1534989084
1532919248
1532415308
1529994404
1532112684
1533166695
1529615891
1532860121
1533853491
1529017124
1535483087
1533571796
1535629729
1535293530
1532841539
1531471733
1532365451
1532345471
1536213572
1532204745
1534103889
1533821551
1535687904
1534299229
1532092141
1534044951
1531484576
1531227242
1534094519
1535356656
1533881837
1535071269
1533798022
1532032771
1532453164
1531603174
1533982571
1532447342
1532338379
1532686269
1530772708
1532948082
1533454224
1534404251
1532772586
1533210870
1534348599
1536419075
1532868419
1532475980
1530584298
1533758650
1536417002
1535076000
1533606222
1532557024
1534025680
1534095841
1532057366
1533441621
1534016286
1534022240
1532925843
1536888813
1535872417
1530925063
1532427785
1534360140
1532351842
1530730395
1532357916
1532168146
1533813256
1532592212
1534857981
1534279844
1532666136
1533250834
1531072920
1532693614
1530349170
1534931806
1534491990
1531923338
1533346951
1532110222
1534657256
1535724998
1532443947
1532280251
1531856720
1532234847
1532810471
1534776933
1534276470
1533060263
1537062523
1536851453
1531535341
1535435155
1532555369
1534706576
1532584261
1534344761
1531605979
1534829188
1533268762
1533072348
1533183460
1531898490
1532298438
1530999143
1531644421
1531474747
1534349311
1534840702
1532918070
1531767154
1530663241
1531919447
1533690400
1529859469
1538107849
1531947771
1533653073
1533220668
1535099073
1534581715
1533031644
1532584358
1529994952
1534366600
1532676295
1534092030
1530192870
1534291426
1531600178
1531128051
1533810277
1531087641
1530711634
1533057170
1531942651
1531756926
1537116556
1533934081
1533353649
1534450714
1532738138
1533292764
1533169741
1530214579
1531982727
1531575507
1534714609
1533665026
1533505234
1530502499
1530885472
1531939893
1534283395
1533501865
1531429521
1532748670
1532506276
1530951698
1529819382
1533481822
1532599061
1535447479
1532782117
1534423331
1533558942
1533282040
1533049930
1531910756
1532009637
1531516918
1531280553
1532626321
1532869262
1530384627
1531468193
1530769560
1535327457
1534965321
1532157944
1529120892
1532968408
1531257461
1534159333
1532704288
1532357221
1535069910
1533062738
1532112184
1532213668
1531913280
1533468562
1532877925
1533048397
1533474191
1532848326
1530750209
1535126524
1533728036
1531056107
1533291322
1535281466
1532860190
1533372398
1532994147
1533000190
1534531853
1532533771
1534241632
1532742369
1535254562
1531544831
1532959824
1534283607
1532161899
1528713384
1532259885
1533955178
1534373889
1534888609
1531629036
1534838543
1531846840
1534761286
1535796351
1532379393
1532511114
1532699990
1532989670
1532904660
1530758113
1532922180
1530986271
1533554305
1530203094
1532785066
1532599429
1529994670
1534698135
1534893108
1534651522
1530513017
1531456409
1530826546
1535087856
1532347360
1534312760
1533201116
1534823953
1533179121
1533845850
1532644435
1532220258
1532856622
1530013429
1532658632
1534673429
1534222407
1531993655
1535471220
1532282737
1535198103
1532275658
1533938544
1534054982
1534985936
1532134412
1532370262
1532357249
1529678253
1529752345
1530279579
1534711923
1532597954
1531924617
1533073415
1535194531
1532268323
1531478866
1531147800
1531083673
1532789099
1535230766
1533095932
1533086222
1532608785
1532396289
1534880713
1531170246
1534202425
1532817223
1533393538
1536403615
1532250558
1533293188
1529474469
1533315840
1537775268
1535737771
1535497509
1530390536
1531402165
1533921208
1531843881
1531376737
1533301836
1534654449
1533045969
1532626281
1532256125
1534980546
1535878639
1531292389
1534895532
1533552920
1533463426
1532993779
1532509357
1530699298
1531974340
1531354646
1531557277
1534170675
1535209537
1532913994
1531727619
1533603083
1529732055
1532071035
1530379380
1535505298
1533532697
1533162623
1534608016
1535129895
1532257209
1531476650
1533084633
1535129604
1533963224
1531886096
1532570532
1532632986
1532703268
1536281462
1533528731
1532028725
1530032968
1533778691
1532860350
1531855799
1532328213
1530413679
1536560270
1532897179
1533409082
1530605221
1531676160
1536938602
1535445022
1531922667
1535080840
1532122297
1534090156
1532420192
1536149044
1533630576
1531025028
1533715451
1531784210
1534400540
1531489816
1531826073
1530193838
1533262189
1533654413
1532226526
1530776103
1534009528
1533246398
1533348607
1534240574
1535879206
1531782099
1532975430
1532125252
1531141345
1532367172
1533703554
1531241260
1531601772
1532516470
1532996584
1534286394
1530121038
1534597990
1533226056
1534184885
1533439585
1534220223
1536055860
1533566336
1531400396
1531856249
1531996916
1533722987
1538028678
1533605432
1536212274
1534299068
1530311225
1532243609
1534123663
1533236109
1536288546
1536017947
1534898517
1530285550
1533662670
1535131055
1532893439
1531321039
1533470671
1534132310
1530756274
1531635448
1528927629
1534068502
1533146157
1535117068
1531590333
1531981730
1536643305
1532228233
1533030834
1532764614
1531509411
1531193002
1532448279
1533764976
1533343773
1529742757
1534075099
1533088992
1533877518
1531782565
1531184063
1537787368
1534196878
1533130156
1532167121
1533215452
1531706890
1533319826
1530787525
1534277732
1533814787
1532251972
1535541541
1532117603
1532347355
1533346714
1530353697
1531051746
1532096019
1533576500
1532574882
1534250199
1536255776
1532286202
1532796326
1532161629
1535222473
1534697012
1531415449
1533135726
1532121246
1530105727
1531586757
1532799956
1535612680
1531998444
1534621765
1530004608
1534998609
1534595471
1534634704
1532879374
1533170308
1535629163
1531487717
1533531191
1532535977
1532302884
1531740401
1531527538
1534036963
1534473344
1535272464
1532253773
1532712198
1532585721
1529728093
1535061263
1533784912
1535373319
1531375693
1532833919
1531936439
1531240695
1529854040
1532755659
1535693935
1529486995
1529142267
1534367546
1535494858
1535279539
1532141824
1535479772
1531744328
1533625489
1532481862
1533576549
1532242745
1534818930
1533128098
1530090315
1533276245
1535641490
1531847309
1533199105
1530824012
1531610635
1530473402
1531417036
1532171864
1533810315
1535199106
1534160286
1532064909
1533411240
1531807405
1534476363
1531995583
1532023826
1529721512
1530288380
1534010406
1533432526
1533077138
1536610848
1532675952
1534515110
1530129989
1531632334
1532891693
1531375395
1533375510
1533611558
1534489487
1532790587
1531446361
1534209503
1533839092
1532835648
1531488243
1532513083
1531509938
1533869214
1532098462
1537502707
1531432897
1533851518
1531097569
1533165109
1531028132
1532356610
1534046425
1533413443
1532395745
1534354714
1534853010
1530862749
1532679763
1534482322
1530069212
1533082924
1534413993
1534241568
1532084682
1531088988
1535092893
1533960327
1534350995
1530878747
1534331815
1531321031
1531294205
1534878745
1533443307
1531275117
1527824237
1530724536
1534675527
1533800895
1535976466
1534028348
1530776521
1529442541
1532031280
1532411205
1534085318
1535638631
1532354804
1535972118
1533391455
1535349846
1531497718
1534313934
1531123239
1532974596
1532817484
1530329939
1532425582
1531366559
1534552812
1533404833
1533789786
1531469836
1529933958
1535104646
1535522691
1533544471
1531615976
1533423980
1533280287
1534016526
1530781138
1534610764
1535063599
1532960112
1535343389
1533844651
1533927893
1532940345
1534304850
1534549561
1531274837
1534284831
1533086592
1535514376
1532685916
1534175772
1533109867
1534978431
1532150137
1532911393
1532905811
1529904762
1533719019
1530100760
1534061801
1533950886
1534862609
1534313148
1536565443
1532828404
1531024537
1534162029
1531507320
1531578384
1533868960
1533604488
1535862604
1533266794
1532626957
1533261517
1532722996
1533379960
1532341430
1533128201
1533168795
1534541182
1533410520
1531131742
1533169073
1532739933
1530880624
1535091803
1531722284
1532839979
1531199502
1533579653
1534452689
1532438511
1530527727
1532445140
1533132028
1531998410
1533396056
1529925202
1536506333
1534725204
1532333912
1532444303
1533821719
1528900016
1533061475
1535127180
1535073541
1533875177
1532606916
1532988891
1535692581
1531127638
1531445895
1531011603
1533024464
1533624583
1532986713
1532613923
1532410016
1532734075
1535188425
1536547269
1533007955
1532070226
1530946766
1531046808
1530746838
1532670994
1532213241
1533654980
1534262361
1532177805
1532678537
1531952442
1534050482
1534497425
1530766693
1533812185
1531000912
1534686273
1535323002
1533097976
1530982044
1532959066
1532696775
1532975079
1530698968
1534294673
1530940240
1532761566
1534573672
1531732835
1532482018
1533323655
1530547924
1531366401
1533322454
1535143985
1533032827
1531091064
1533213771
1531998900
1531121264
1532963904
1534177828
1535677042
1533860194
1532543021
1532986940
1533872082
1534304594
1531434659
1534510457
1530653242
1533013736
1533146208
1532430088
1534486601
1533099259
1534413577
1532306343
1532256939
1533121231
1532299726
1533686555
1532650541
1531196419
1532762819
1531429280
1533578208
1533943541
1532576718
1532996694
1536022521
1532007388
1533517193
1532104532
1531347278
1533273573
1530925062
1532862667
1531069045
1531041774
1533012015
1532354590
1530813612
1532253994
1534868392
1533860827
1537125012
1534935795
1531939466
1530599349
1533591933
1534100234
1532617076
1536573656
1535472982
1536036493
1533067985
1535614038
1532976494
1533471046
1534047848
1531494107
1532015529
1531833360
1531597385
1533806396
1532924336
1534049131
1533418966
1534735293
1533600410
1536754694
1533320092
1535153824
1534433873
1532508793
1532947025
1536067875
1533071722
1530690079
1532282411
1533593824
1531680468
1533119724
1534431043
1532314903
1532534160
1533113343
1534197827
1534606092
1532995900
1530465890
1534705925
1533517438
1532333633
1532168791
1530570704
1534753567
1535223787
1532150321
1536600569
1533361568
1533481869
1533153822
1531849254
1530736544
1536802360
1532639180
1530674687
1533079570
1531203654
1533910751
1531007678
1533027865
1534691372
1533270876
1531952555
1535107174
1531014761
1531685803
1531298105
1532597800
1531732633
1531613931
1536830224
1534331650
1530068159
1532323070
1533483259
1532526278
1534980364
1536705853
1534662420
1531697573
1534772232
1533518198
1532955967
1531725365
1534956783
1534171634
1534477948
1532133910
1529222361
1534068695
1533496012
1536665536
1534649307
1532000532
1532680542
1533674885
1535111091
1532033047
1533439443
1535447435
1533662986
1533012265
1535150027
1532135134
1532324885
1531841101
1531371702
1533450858
1532384246
1533573753
1533674554
1533823187
1533129006
1531216214
1533691483
1535229165
1533472927
1531873833
1534150468
1531187461
1531358125
1535353317
1533064387
1532833714
1531209012
1535175055
1532492713
1535613314
1531880710
1533587167
1536603589
1532802719
1532232911
1532973612
1531839638
1533607879
1531476539
1534326225
1529826946
1531764209
1535421822
1533313998
1534093986
1534602116
1531671979
1531210323
1529450399
1535623933
1532304687
1532254024
1530093054
1534018002
1533735494
1535968496
1532462426
1534611149
1533242322
1534158500
1534634297
1531756550
1534667435
1532137195
1533187869
1532871239
1536403267
1533011113
1531554143
1531049720
1532934935
1535522556
1535387328
1532873391
1533401086
1534332799
1533719968
1533250266
1533876420
1533986936
1531190067
1531869938
1532186925
1529109510
1530708779
1533955082
1532281726
1532870963
1534654390
1533203317
1533207090
1534791357
1533266408
1535026855
1531153440
1534476031
1532367168
1532783813
1531367738
1537248370
1531773104
1532710704
1532686053
1532893028
1535678944
1534256704
1533639821
1535015406
1531601749
1535293514
1531605044
1532470511
1532353799
1531823860
1534367435
1531967539
1533032380
1535344362
1534060937
1531693389
1534892344
1531904085
1529916840
1531439464
1531498879
1534824511
1532900179
1534085436
1531693106
1534220933
1532205005
1532510206
1534642994
1531808104
1535369932
1535164577
1534418751
1534468963
1533736780
1532234523
1531469014
1533069277
1535024615
1534436881
1533520940
1531945579
1529850045
1532344314
1534936724
1533170934
1534426412
1531786648
1532272496
1532917102
1535252431
1534754296
1533489305
1532031622
1533529070
1532534636
1531845564
1533637718
1529771183
1533061364
1534102628
1534088888
1533086546
1531133944
1529984348
1534875971
1532280528
1534462081
1536817770
1533117770
1532623369
1533645112
1534798637
