547756903
548209283
547315381
548876700
545879453
548675981
548958482
546166186
548707411
549152086
547176518
548260399
548148763
548685102
546026496
547146452
548760890
548219827
548247520
547903904
546867325
550062564
550589856
544423537
547461546
548081464
547141195
547495827
546891484
545720590
549180100
549291917
546586897
547468606
547514046
548350696
547175401
549171957
545540478
546971416
547884574
548003792
547340701
549033005
547350992
546217988
548056503
547634306
548333928
548448752
547237300
546457259
548732188
547123495
547627765
546054363
545103481
548413495
547434749
547189362
548142367
548398874
546464998
545901355
548473925
547571304
546291383
549466632
547909271
550094410
549910596
547871808
548861157
545693804
547852055
547090940
547997091
548570344
548402738
548522413
549155334
546633306
548157107
548176962
548269534
548149565
547784325
548531617
548590369
547015459
546530341
547617804
548056476
546252374
545200079
548176922
546089881
547335659
548038341
545905719
546329870
546524830
548423483
548208917
546860774
547866124
547389799
548826124
547119063
547681313
546260992
547659374
547969688
546428391
548644492
548051881
550086516
545320337
549479582
547527163
548137218
549558536
546956284
548585312
547555755
546401335
548668217
549323694
548631854
547839722
547064992
548783586
548253180
549423161
547577735
550605981
547463557
546849356
547319852
547029329
548606711
547101939
548865481
549290757
548215944
549588894
547669726
546242729
547311057
547004091
548523132
548075801
548111199
545944939
548706166
547326881
548086707
548819912
548369806
547769378
545768669
546880611
548531501
548217635
548586898
548899532
547244166
549318097
548308157
548222043
546414036
548970511
548216088
548490981
548029393
547231385
549213073
549002542
549011522
546225990
546211823
548341990
547288004
548363578
546911978
547109751
549183894
549169351
548042138
547424518
546130550
547941677
548342841
549567171
547205692
548246846
546734211
546984879
547695039
547755398
547095859
548353632
548036169
547433681
548162433
548816498
547403827
547775573
546902650
547979961
547484015
547934844
547779839
549102143
549367002
546806649
547843555
548071587
547636187
549348077
549238886
547736774
547227550
548144184
547779317
547259664
548456260
548018512
548812747
547354896
547495014
548686537
548221396
548156506
547853737
547248416
548467350
547736088
547070810
546462303
547844084
547538709
547219235
547319520
547100507
546290292
547825868
546172737
545555002
549134611
549069713
548848442
547465853
547344261
547421823
546452113
547336394
547992788
545939125
547843033
547391134
548698185
548450496
548465678
548787955
546499476
547025252
547104424
546842212
548669399
547912277
548937266
547086960
547006443
547912967
549116493
547082198
548726587
547316124
546649232
548482838
546544890
547286134
548933741
546043621
547033616
547882747
547733542
550041185
548025375
547386101
548503540
546754128
547420646
547416993
548732610
549908721
547924820
548384180
547698396
545088638
547575571
546647372
547650818
547821972
548334319
548933060
548791881
545953403
547709251
547943377
547764903
546405331
546752210
547694053
548190963
547918114
547034265
547327910
549250569
547380442
545716135
548290257
548290530
547947314
547256425
547168819
547021710
548678624
548314305
548469839
546804414
548323502
548486354
547536705
546915240
546407664
549562045
547639099
547988565
548668430
547358274
546627470
549233291
547621885
547584084
546639168
548093534
548884540
545918009
547910640
546437436
548778221
547075814
547094765
548121207
545705099
549884548
548105581
548454659
548162509
546688311
547256033
546157198
546054233
548955486
548460761
547846593
546124991
547456250
548091909
546974782
548026538
546308281
548171175
548385957
547447463
548462497
546872580
546609238
547894143
548489117
547474037
548281151
547145321
547801413
548438571
548073966
549027213
547419266
547713289
547840322
548109181
547952218
547142362
548954532
549909518
547369575
546909731
545927452
546787696
547230563
546527909
548392499
548065229
547445441
549056017
545527425
548638592
548414644
547263297
546560557
549063603
548893383
546674471
547086975
546491940
547069450
547307472
546951032
546796527
547021411
549689644
547788720
547712776
547457217
546870374
549143400
547619556
548096220
547198973
548773352
548104119
548831396
546014262
546693833
545586826
546685325
547615472
545680849
546643693
547238178
546462445
547073120
548099504
546266697
547088580
545788238
546135669
547480187
547846746
546390577
548090494
547936424
547638835
546280596
546828481
548305786
548143948
546734607
548156316
545250571
547974061
546109552
547539155
548324722
546769482
547961216
548251736
547261441
547427680
549011105
547279620
546322300
547708292
546072080
547577473
547924417
546724294
547684077
548359887
547942171
546596716
549467934
549117952
547936447
547641435
546992496
548477365
546227286
547771263
548157483
547439388
547036816
546090870
547042254
549264778
548852332
547986427
547862093
547094684
547386111
546332918
548136353
546526089
547941898
546894159
548819488
545835772
546855411
547210837
547292260
544627091
547926093
546856687
546479851
546491331
544493202
548306773
546337617
546277733
546290731
545961508
546838423
546156339
545851270
546417366
547417451
548181558
546988439
546987810
547703020
547365575
548176777
547583604
548630350
547497831
547651006
548537334
548001631
546971276
547137044
546107452
546192562
547817967
548062291
547143275
548613887
546941352
548642996
550696085
546874056
544760755
547664594
546530198
547636614
547076625
546689605
546354241
547807136
548136700
547432175
547944570
546938366
548001154
545666434
546619985
547887723
546105593
548053001
548128094
546931545
547156683
547816841
546749996
547040049
548023207
549715315
548428711
546967474
545778076
547258488
548568125
545883217
547312126
543880342
547261411
547682816
546886436
548220000
548374210
547171761
546787970
549541399
545497147
547394709
548576426
547849714
546413952
546008195
546500555
547358649
548958802
545508385
547671665
548020907
545181335
547064974
547458336
546496070
547168679
547092586
547350688
546356060
547949876
546985390
546728529
548894736
548126544
547683160
548852690
547781502
546670568
548127884
545473737
548289592
547986208
546655239
547762482
546719029
547224999
548623516
547088166
547699036
549010880
547116715
548552760
548260563
547965132
547125993
547217820
548668186
546548669
547405466
547702738
548207795
545644082
548554808
548096699
547377749
546286750
547013762
547465392
547773382
546698494
548085635
547448416
547471874
544991573
548216053
544858150
547674852
547958225
547996582
545181459
548476845
548032291
546256907
547948375
547354275
547657960
547015471
547752776
547447998
549143137
547916438
545291178
545433390
548855118
547554372
547174830
547513762
547882180
546005303
545634745
545479302
548406767
548746913
548208716
548432369
546528281
545875127
546872007
549280768
547997329
548299739
548319341
547018219
546677566
546053151
547296179
545655708
548111363
548172728
546337318
546462842
549067672
548952517
548120604
548541010
545837141
546476282
548137633
545813381
547161965
549477062
545684772
547228095
548926921
547239983
546997840
549918831
547010057
547348260
547258976
547713394
548767119
546993470
546581183
548724058
547614151
547590998
548758420
548986874
547098307
547056255
549185821
548338761
547012816
548511592
548408431
548142062
546740380
546678577
547661661
547699389
547224160
545990393
546454211
546235003
547571453
547950758
548480900
548006182
547618094
547550187
545833265
545894170
548095254
546040663
547263750
548065409
546216344
548264376
547827892
547520996
546431462
546859036
549604997
548205870
546183229
546844373
547570576
550252712
544775953
545565425
547384460
548117302
546878233
549000340
548002683
547327362
545836830
547178835
546895625
545476507
548467545
548370317
548347755
546596537
548273641
546648947
547315798
545352054
546261243
548491432
547165938
548026573
546410270
548533843
546009336
548665536
546644070
546024736
547437846
548182176
547161909
546107585
546832357
545852210
547003916
549031321
547770955
546413729
547115229
546964337
548837676
548040717
548743763
547865246
546960679
549112603
547332356
546896210
546742158
546421221
548690255
547603484
548349871
547740956
547235979
547629996
548119152
549142267
546459347
548582258
544796039
549169832
548246774
547718216
547448802
548105961
547011952
547824172
548356862
549165454
545797295
546487229
547548017
546658936
546345498
549889791
548761570
546413055
548038964
545462388
547056229
548734954
547009656
546934042
548073548
547173374
545357254
548969496
548302609
549036625
549034147
547500561
547991462
548034989
547559604
549524098
547855430
547662050
546216535
547775727
548571782
546019560
549398753
546709750
547266152
547749818
548736761
547062837
546951441
546734357
547516231
547565088
548681975
547707525
547107869
548915561
547381611
546839327
549127185
549528787
547624817
545634766
547122831
546545095
546867132
548607728
549860812
547372635
545979539
546843464
546855816
547608742
548006952
547521116
546503742
549342155
545321395
546953178
545624938
547211460
546819116
548544574
547819611
548377979
548690001
547485930
547395584
547607797
548881690
546948236
548465027
549121405
547616051
547842191
548029494
547925837
547199726
547112393
549748631
548758630
549435431
548665080
547752498
547674727
546522315
546752100
549485340
546565257
548414227
547022015
548016288
549264038
548428468
547031003
546102680
547827666
545947263
546598771
546545036
546063158
547805211
546651099
546091807
547525375
546689868
545615758
549195552
546876183
548833958
548104070
547659555
547261170
548670369
548164044
549123668
548469702
547802546
548705463
547508299
545904628
547680141
546888875
548482269
546604444
545539449
546501336
548684772
548651404
545873841
547255580
547267788
546810653
547300222
547811421
546096957
547986523
547045518
546995526
548319372
546006777
547516630
548900969
547847692
548596709
547257155
